000001|0000|00000000|BANCO DO BRASIL S.A.|L|4302352|201501|201501|2|1||3||2.3.0|1|
000002|0400|00000000203700|1|203700|2|R.FERNANDO FERRARI, 122|203700|4302352|1||||
000003|0430|00000000203700|501010114|151000006|0,00|0,00|0,00|0,00||0,00|3,00|0,00|||||
000004|0430|00000000203700|501010116|151000006|0,00|0,00|0,00|0,00||0,00|3,00|0,00|||||
000005|0430|00000000203700|501010118|151000006|0,00|0,00|0,00|0,00||0,00|3,00|0,00|||||
000006|0430|00000000203700|501010120|151000006|0,00|0,00|0,00|0,00||0,00|3,00|0,00|||||
000007|0430|00000000203700|501010122|151000006|0,00|0,00|0,00|0,00||0,00|3,00|0,00|||||
000008|0430|00000000203700|501010124|151000006|0,00|0,00|0,00|0,00||0,00|3,00|0,00|||||
000009|0430|00000000203700|501010126|151000006|0,00|0,00|0,00|0,00||0,00|3,00|0,00|||||
000010|0430|00000000203700|501010140|151000006|0,00|0,00|0,00|0,00||0,00|3,00|0,00|||||
000011|0430|00000000203700|501010150|151000016|0,00|0,00|0,00|0,00||0,00|3,00|0,00|||||
000012|0430|00000000203700|501010165|151000005|0,00|0,00|0,00|0,00||0,00|3,00|0,00|||||
000013|0430|00000000203700|501010203|151000016|0,00|0,00|0,00|0,00||0,00|3,00|0,00|||||
000014|0430|00000000203700|501010204|280100001|0,00|0,00|0,00|0,00||0,00|3,00|0,00|||||
000015|0430|00000000203700|501010301|150800001|500,00|0,00|500,00|0,00||500,00|3,00|0,00|||||
000016|0430|00000000203700|501010303|150800013|0,00|0,00|0,00|0,00||0,00|3,00|0,00|||||
000017|0430|00000000203700|501010304|150800013|0,00|0,00|0,00|0,00||0,00|3,00|0,00|||||
000018|0430|00000000203700|501010305|150800013|0,00|0,00|0,00|0,00||0,00|3,00|0,00|||||
000019|0430|00000000203700|501010308|150800001|0,00|0,00|0,00|0,00||0,00|3,00|0,00|||||
000020|0430|00000000203700|501010309|150800001|0,00|0,00|0,00|0,00||0,00|3,00|0,00|||||
000021|0430|00000000203700|501010310|150800001|0,00|0,00|0,00|0,00||0,00|3,00|0,00|||||
000022|0430|00000000203700|501010311|150800001|0,00|0,00|0,00|0,00||0,00|3,00|0,00|||||
000023|0430|00000000203700|501010312|150800001|0,00|0,00|0,00|0,00||0,00|3,00|0,00|||||
000024|0430|00000000203700|501010313|150800001|0,00|0,00|0,00|0,00||0,00|3,00|0,00|||||
000025|0430|00000000203700|501010314|150800001|0,00|0,00|0,00|0,00||0,00|3,00|0,00|||||
000026|0430|00000000203700|501010315|150800001|0,00|0,00|0,00|0,00||0,00|3,00|0,00|||||
000027|0430|00000000203700|501010317|150800003|1351,37|0,00|1351,37|0,00||1351,37|3,00|0,00|||||
000028|0430|00000000203700|501010318|150800001|0,00|0,00|0,00|0,00||0,00|3,00|0,00|||||
000029|0430|00000000203700|501010321|150800001|0,00|0,00|0,00|0,00||0,00|3,00|0,00|||||
000030|0430|00000000203700|501010322|150800003|0,00|0,00|0,00|0,00||0,00|3,00|0,00|||||
000031|0430|00000000203700|501010501|151600006|602,00|0,00|602,00|0,00||602,00|3,00|0,00|||||
000032|0430|00000000203700|501010550|151600001|145,95|0,00|145,95|0,00||145,95|3,00|0,00|||||
000033|0430|00000000203700|501010598|151600006|0,00|0,00|0,00|0,00||0,00|3,00|0,00|||||
000034|0430|00000000203700|501010601|151800001|0,00|0,00|0,00|0,00||0,00|3,00|0,00|||||
000035|0430|00000000203700|501011301|150700009|114,40|0,00|114,40|0,00||114,40|3,00|0,00|||||
000036|0430|00000000203700|501011302|151700002|5,00|0,00|5,00|0,00||5,00|3,00|0,00|||||
000037|0430|00000000203700|501011303|150200012|18,90|0,00|18,90|0,00||18,90|3,00|0,00|||||
000038|0430|00000000203700|501011306|151400001|0,00|0,00|0,00|0,00||0,00|3,00|0,00|||||
000039|0430|00000000203700|501011307|151700001|0,00|0,00|0,00|0,00||0,00|3,00|0,00|||||
000040|0430|00000000203700|501011308|150700009|37,50|0,00|37,50|0,00||37,50|3,00|0,00|||||
000041|0430|00000000203700|501011310|151400001|0,00|0,00|0,00|0,00||0,00|3,00|0,00|||||
000042|0430|00000000203700|501011311|150700005|0,00|0,00|0,00|0,00||0,00|3,00|0,00|||||
000043|0430|00000000203700|501011312|150700009|0,00|0,00|0,00|0,00||0,00|3,00|0,00|||||
000044|0430|00000000203700|501011316|150200009|438,00|0,00|438,00|0,00||438,00|3,00|0,00|||||
000045|0430|00000000203700|501011317|151500003|0,00|0,00|0,00|0,00||0,00|3,00|0,00|||||
000046|0430|00000000203700|501011319|150700005|0,00|0,00|0,00|0,00||0,00|3,00|0,00|||||
000047|0430|00000000203700|501011320|150700005|0,00|0,00|0,00|0,00||0,00|3,00|0,00|||||
000048|0430|00000000203700|501011321|150200012|0,00|0,00|0,00|0,00||0,00|3,00|0,00|||||
000049|0430|00000000203700|501011322|150700005|0,00|0,00|0,00|0,00||0,00|3,00|0,00|||||
000050|0430|00000000203700|501011323|150700005|0,00|0,00|0,00|0,00||0,00|3,00|0,00|||||
000051|0430|00000000203700|501011324|150700005|0,00|0,00|0,00|0,00||0,00|3,00|0,00|||||
000052|0430|00000000203700|501011325|150200011|0,00|0,00|0,00|0,00||0,00|3,00|0,00|||||
000053|0430|00000000203700|501011326|150200011|0,00|0,00|0,00|0,00||0,00|3,00|0,00|||||
000054|0430|00000000203700|501011398|151500004|0,00|0,00|0,00|0,00||0,00|3,00|0,00|||||
000055|0430|00000000203700|501011401|151000005|490,57|0,00|490,57|0,00||490,57|3,00|0,00|||||
000056|0430|00000000203700|501011402|150600006|0,00|0,00|0,00|0,00||0,00|3,00|0,00|||||
000057|0430|00000000203700|501011403|151000006|0,00|0,00|0,00|0,00||0,00|3,00|0,00|||||
000058|0430|00000000203700|501011404|151000006|0,00|0,00|0,00|0,00||0,00|3,00|0,00|||||
000059|0430|00000000203700|501011405|151000002|0,00|0,00|0,00|0,00||0,00|3,00|0,00|||||
000060|0430|00000000203700|501011406|151000002|0,00|0,00|0,00|0,00||0,00|3,00|0,00|||||
000061|0430|00000000203700|501011407|151000007|0,00|0,00|0,00|0,00||0,00|3,00|0,00|||||
000062|0430|00000000203700|501011408|151000006|0,00|0,00|0,00|0,00||0,00|3,00|0,00|||||
000063|0430|00000000203700|501011430|151000008|0,00|0,00|0,00|0,00||0,00|3,00|0,00|||||
000064|0430|00000000203700|501011434|170100003|0,00|0,00|0,00|0,00||0,00|3,00|0,00|||||
000065|0430|00000000203700|501011442|151000008|0,00|0,00|0,00|0,00||0,00|3,00|0,00|||||
000066|0430|00000000203700|501011480|150100001|0,00|0,00|0,00|0,00||0,00|3,00|0,00|||||
000067|0430|00000000203700|501011496|151000008|0,00|0,00|0,00|0,00||0,00|3,00|0,00|||||
000068|0430|00000000203700|501011498|151000007|0,00|0,00|0,00|0,00||0,00|3,00|0,00|||||
000069|0430|00000000203700|501011501|151000011|0,00|0,00|0,00|0,00||0,00|3,00|0,00|||||
000070|0430|00000000203700|501011502|151000005|362,43|0,00|362,43|0,00||362,43|3,00|0,00|||||
000071|0430|00000000203700|501011503|151000011|0,00|0,00|0,00|0,00||0,00|3,00|0,00|||||
000072|0430|00000000203700|501011505|151000006|0,00|0,00|0,00|0,00||0,00|3,00|0,00|||||
000073|0430|00000000203700|501011506|170100003|0,00|0,00|0,00|0,00||0,00|3,00|0,00|||||
000074|0430|00000000203700|501011700|100200009|0,00|0,00|0,00|0,00||0,00|3,00|0,00|||||
000075|0430|00000000203700|501011903|150400001|0,00|0,00|0,00|0,00||0,00|3,00|0,00|||||
000076|0430|00000000203700|501011904|150500001|0,00|0,00|0,00|0,00||0,00|3,00|0,00|||||
000077|0430|00000000203700|501011905|150500001|0,00|0,00|0,00|0,00||0,00|3,00|0,00|||||
000078|0430|00000000203700|501011906|150500001|0,00|0,00|0,00|0,00||0,00|3,00|0,00|||||
000079|0430|00000000203700|501011908|170100003|0,00|0,00|0,00|0,00||0,00|3,00|0,00|||||
000080|0430|00000000203700|501011912|150200009|0,00|0,00|0,00|0,00||0,00|3,00|0,00|||||
000081|0430|00000000203700|501011913|150700005|0,00|0,00|0,00|0,00||0,00|3,00|0,00|||||
000082|0430|00000000203700|501011916|151200001|0,00|0,00|0,00|0,00||0,00|3,00|0,00|||||
000083|0430|00000000203700|501011920|151000011|0,00|0,00|0,00|0,00||0,00|3,00|0,00|||||
000084|0430|00000000203700|501011921|150600001|0,00|0,00|0,00|0,00||0,00|3,00|0,00|||||
000085|0430|00000000203700|501011922|150700005|0,00|0,00|0,00|0,00||0,00|3,00|0,00|||||
000086|0430|00000000203700|501011923|151600006|516,60|0,00|516,60|0,00||516,60|3,00|0,00|||||
000087|0430|00000000203700|501011930|150600003|0,00|0,00|0,00|0,00||0,00|3,00|0,00|||||
000088|0430|00000000203700|501011931|260100004|24,00|0,00|24,00|0,00||24,00|3,00|0,00|||||
000089|0430|00000000203700|501011940|151500001|0,00|0,00|0,00|0,00||0,00|3,00|0,00|||||
000090|0430|00000000203700|501011950|150500001|0,00|0,00|0,00|0,00||0,00|3,00|0,00|||||
000091|0430|00000000203700|501011960|151000006|0,00|0,00|0,00|0,00||0,00|3,00|0,00|||||
000092|0430|00000000203700|501011976|151000003|505,66|0,00|505,66|0,00||505,66|3,00|0,00|||||
000093|0430|00000000203700|501011978|150500001|0,00|0,00|0,00|0,00||0,00|3,00|0,00|||||
000094|0430|00000000203700|501011981|150900006|0,00|0,00|0,00|0,00||0,00|3,00|0,00|||||
000095|0430|00000000203700|501011982|150900006|0,00|0,00|0,00|0,00||0,00|3,00|0,00|||||
000096|0430|00000000203700|501011998|151000001|0,00|0,00|0,00|0,00||0,00|3,00|0,00|||||
000097|0430|00000000203700|501012103|170100003|0,00|0,00|0,00|0,00||0,00|3,00|0,00|||||
000098|0430|00000000203700|501012105|151700006|1150,07|0,00|1150,07|0,00||1150,07|3,00|0,00|||||
000099|0430|00000000203700|501012115|151500001|0,00|0,00|0,00|0,00||0,00|3,00|0,00|||||
000100|0430|00000000203700|501012300|170100001|0,00|0,00|0,00|0,00||0,00|3,00|0,00||||
000101|0430|00000000203700|501012701|180100002|0,00|0,00|0,00|0,00||0,00|3,00|0,00||||
000102|0430|00000000203700|501012703|170900001|0,00|0,00|0,00|0,00||0,00|3,00|0,00||||
000103|0430|00000000203700|501012719|180100002|0,00|0,00|0,00|0,00||0,00|3,00|0,00||||
000104|0430|00000000203700|501019600|150800013|0,00|0,00|0,00|0,00||0,00|3,00|0,00||||
000105|0430|00000000203700|504011000|150900001|0,00|0,00|0,00|0,00||0,00|3,00|0,00||||
000106|0430|00000000203700|504019900|151000006|0,00|0,00|0,00|0,00||0,00|3,00|0,00||||
000107|0430|00000000203700|512101000|150900006|0,00|0,00|0,00|0,00||0,00|3,00|0,00||||
000108|0430|00000000203700|512102500|100400002|0,00|0,00|0,00|0,00||0,00|3,00|0,00||||
000109|0430|00000000203700|512151010|150900001|0,00|0,00|0,00|0,00||0,00|3,00|0,00||||
000110|0430|00000000203700|512201000|150900006|0,00|0,00|0,00|0,00||0,00|3,00|0,00||||
000111|0430|00000000203700|512202500|100400002|0,00|0,00|0,00|0,00||0,00|3,00|0,00||||
000112|0430|00000000203700|512251010|150900001|0,00|0,00|0,00|0,00||0,00|3,00|0,00||||
000113|0430|00000000203700|513101004|151300018|0,00|0,00|0,00|0,00||0,00|3,00|0,00||||
000114|0430|00000000203700|513101006|151300008|0,00|0,00|0,00|0,00||0,00|3,00|0,00||||
000115|0430|00000000203700|513101014|151300006|0,00|0,00|0,00|0,00||0,00|3,00|0,00||||
000116|0430|00000000203700|513101026|151300019|0,00|0,00|0,00|0,00||0,00|3,00|0,00||||
000117|0430|00000000203700|513101028|151300019|0,00|0,00|0,00|0,00||0,00|3,00|0,00||||
000118|0430|00000000203700|513101050|151300019|0,00|0,00|0,00|0,00||0,00|3,00|0,00||||
000119|0430|00000000203700|513101051|151300019|0,00|0,00|0,00|0,00||0,00|3,00|0,00||||
000120|0430|00000000203700|513101052|151300001|0,00|0,00|0,00|0,00||0,00|3,00|0,00||||
000121|0430|00000000203700|513101053|151300019|0,00|0,00|0,00|0,00||0,00|3,00|0,00||||
000122|0430|00000000203700|513101054|151300023|0,00|0,00|0,00|0,00||0,00|3,00|0,00||||
000123|0430|00000000203700|513101055|151300001|0,00|0,00|0,00|0,00||0,00|3,00|0,00||||
000124|0430|00000000203700|513101057|151300019|0,00|0,00|0,00|0,00||0,00|3,00|0,00||||
000125|0430|00000000203700|513102004|151300008|0,00|0,00|0,00|0,00||0,00|3,00|0,00||||
000126|0430|00000000203700|513102006|151300008|0,00|0,00|0,00|0,00||0,00|3,00|0,00||||
000127|0430|00000000203700|513102008|151300008|0,00|0,00|0,00|0,00||0,00|3,00|0,00||||
000128|0430|00000000203700|513102010|151300008|0,00|0,00|0,00|0,00||0,00|3,00|0,00||||
000129|0430|00000000203700|513102012|151300008|0,00|0,00|0,00|0,00||0,00|3,00|0,00||||
000130|0430|00000000203700|513102014|151300008|0,00|0,00|0,00|0,00||0,00|3,00|0,00||||
000131|0430|00000000203700|513102015|151300008|0,00|0,00|0,00|0,00||0,00|3,00|0,00||||
000132|0430|00000000203700|513102016|151300008|0,00|0,00|0,00|0,00||0,00|3,00|0,00||||
000133|0430|00000000203700|513102018|151300008|0,00|0,00|0,00|0,00||0,00|3,00|0,00||||
000134|0430|00000000203700|513102020|151300012|0,00|0,00|0,00|0,00||0,00|3,00|0,00||||
000135|0430|00000000203700|513102022|151300014|0,00|0,00|0,00|0,00||0,00|3,00|0,00||||
000136|0430|00000000203700|513102024|151300012|0,00|0,00|0,00|0,00||0,00|3,00|0,00||||
000137|0430|00000000203700|513102026|151300019|0,00|0,00|0,00|0,00||0,00|3,00|0,00||||
000138|0430|00000000203700|513102028|151300022|0,00|0,00|0,00|0,00||0,00|3,00|0,00||||
000139|0430|00000000203700|513102030|151300019|0,00|0,00|0,00|0,00||0,00|3,00|0,00||||
000140|0430|00000000203700|513102032|151300015|0,00|0,00|0,00|0,00||0,00|3,00|0,00||||
000141|0430|00000000203700|513102033|151300015|0,00|0,00|0,00|0,00||0,00|3,00|0,00||||
000142|0430|00000000203700|513102034|151300015|0,00|0,00|0,00|0,00||0,00|3,00|0,00||||
000143|0430|00000000203700|513102036|151300015|0,00|0,00|0,00|0,00||0,00|3,00|0,00||||
000144|0430|00000000203700|513102038|151300015|0,00|0,00|0,00|0,00||0,00|3,00|0,00||||
000145|0430|00000000203700|513102042|151300015|0,00|0,00|0,00|0,00||0,00|3,00|0,00||||
000146|0430|00000000203700|513102050|151300015|0,00|0,00|0,00|0,00||0,00|3,00|0,00||||
000147|0430|00000000203700|513102051|151300015|0,00|0,00|0,00|0,00||0,00|3,00|0,00||||
000148|0430|00000000203700|513102053|151300015|0,00|0,00|0,00|0,00||0,00|3,00|0,00||||
000149|0430|00000000203700|513102054|151300015|0,00|0,00|0,00|0,00||0,00|3,00|0,00||||
000150|0430|00000000203700|513102055|151300008|0,00|0,00|0,00|0,00||0,00|3,00|0,00||||
000151|0430|00000000203700|513102056|151300012|0,00|0,00|0,00|0,00||0,00|3,00|0,00||||
000152|0430|00000000203700|513102058|151300023|0,00|0,00|0,00|0,00||0,00|3,00|0,00||||
000153|0430|00000000203700|513103003|151300001|0,00|0,00|0,00|0,00||0,00|3,00|0,00||||
000154|0430|00000000203700|513103005|151300009|0,00|0,00|0,00|0,00||0,00|3,00|0,00||||
000155|0430|00000000203700|513103010|151300008|0,00|0,00|0,00|0,00||0,00|3,00|0,00||||
000156|0430|00000000203700|513103014|151600004|0,00|0,00|0,00|0,00||0,00|3,00|0,00||||
000157|0430|00000000203700|513103016|151600002|0,00|0,00|0,00|0,00||0,00|3,00|0,00||||
000158|0430|00000000203700|513103018|151700001|0,00|0,00|0,00|0,00||0,00|3,00|0,00||||
000159|0430|00000000203700|513103020|151600001|0,00|0,00|0,00|0,00||0,00|3,00|0,00||||
000160|0430|00000000203700|513103025|151300002|0,00|0,00|0,00|0,00||0,00|3,00|0,00||||
000161|0430|00000000203700|513109099|151600006|0,00|0,00|0,00|0,00||0,00|3,00|0,00||||
000162|0430|00000000203700|517100100|150100001|0,00|0,00|0,00|0,00||0,00|3,00|0,00||||
000163|0430|00000000203700|517100200|150100001|0,00|0,00|0,00|0,00||0,00|3,00|0,00||||
000164|0430|00000000203700|517100300|150100001|0,00|0,00|0,00|0,00||0,00|3,00|0,00||||
000165|0430|00000000203700|517100400|150100001|0,00|0,00|0,00|0,00||0,00|3,00|0,00||||
000166|0430|00000000203700|517100500|150100001|0,00|0,00|0,00|0,00||0,00|3,00|0,00||||
000167|0430|00000000203700|517109601|150100001|0,00|0,00|0,00|0,00||0,00|3,00|0,00||||
000168|0430|00000000203700|517109602|150100001|0,00|0,00|0,00|0,00||0,00|3,00|0,00||||
000169|0430|00000000203700|517109603|150800008|0,00|0,00|0,00|0,00||0,00|3,00|0,00||||
000170|0430|00000000203700|517109604|150800008|0,00|0,00|0,00|0,00||0,00|3,00|0,00||||
000171|0430|00000000203700|517109605|170100002|0,00|0,00|0,00|0,00||0,00|3,00|0,00||||
000172|0430|00000000203700|517109606|150100001|0,00|0,00|0,00|0,00||0,00|3,00|0,00||||
000173|0430|00000000203700|517109607|150100001|0,00|0,00|0,00|0,00||0,00|3,00|0,00||||
000174|0430|00000000203700|517109800|150100001|0,00|0,00|0,00|0,00||0,00|3,00|0,00||||
000175|0430|00000000203700|517150100|150100001|0,00|0,00|0,00|0,00||0,00|3,00|0,00||||
000176|0430|00000000203700|517150301|150100001|0,00|0,00|0,00|0,00||0,00|3,00|0,00||||
000177|0430|00000000203700|517150302|150100001|0,00|0,00|0,00|0,00||0,00|3,00|0,00||||
000178|0430|00000000203700|517150303|150100001|0,00|0,00|0,00|0,00||0,00|3,00|0,00||||
000179|0430|00000000203700|517150501|151100005|0,00|0,00|0,00|0,00||0,00|3,00|0,00||||
000180|0430|00000000203700|517150502|150100001|0,00|0,00|0,00|0,00||0,00|3,00|0,00||||
000181|0430|00000000203700|517150503|150100001|0,00|0,00|0,00|0,00||0,00|3,00|0,00||||
000182|0430|00000000203700|517150504|150100001|0,00|0,00|0,00|0,00||0,00|3,00|0,00||||
000183|0430|00000000203700|517150505|150100001|0,00|0,00|0,00|0,00||0,00|3,00|0,00||||
000184|0430|00000000203700|517150506|150100001|0,00|0,00|0,00|0,00||0,00|3,00|0,00||||
000185|0430|00000000203700|517150507|150100001|0,00|0,00|0,00|0,00||0,00|3,00|0,00||||
000186|0430|00000000203700|517150508|150100001|0,00|0,00|0,00|0,00||0,00|3,00|0,00||||
000187|0430|00000000203700|517150509|150100001|0,00|0,00|0,00|0,00||0,00|3,00|0,00||||
000188|0430|00000000203700|517150510|150100001|0,00|0,00|0,00|0,00||0,00|3,00|0,00||||
000189|0430|00000000203700|517150511|150100001|0,00|0,00|0,00|0,00||0,00|3,00|0,00||||
000190|0430|00000000203700|517150512|150100001|0,00|0,00|0,00|0,00||0,00|3,00|0,00||||
000191|0430|00000000203700|517150514|150100001|0,00|0,00|0,00|0,00||0,00|3,00|0,00||||
000192|0430|00000000203700|517150515|150100001|0,00|0,00|0,00|0,00||0,00|3,00|0,00||||
000193|0430|00000000203700|517150516|150100001|0,00|0,00|0,00|0,00||0,00|3,00|0,00||||
000194|0430|00000000203700|517150517|150100001|0,00|0,00|0,00|0,00||0,00|3,00|0,00||||
000195|0430|00000000203700|517150518|150100001|0,00|0,00|0,00|0,00||0,00|3,00|0,00||||
000196|0430|00000000203700|517150519|150100001|0,00|0,00|0,00|0,00||0,00|3,00|0,00||||
000197|0430|00000000203700|517150520|150100001|0,00|0,00|0,00|0,00||0,00|3,00|0,00||||
000198|0430|00000000203700|517150521|150100001|0,00|0,00|0,00|0,00||0,00|3,00|0,00||||
000199|0430|00000000203700|517150522|150100001|0,00|0,00|0,00|0,00||0,00|3,00|0,00||||
000200|0430|00000000203700|517150523|150100001|0,00|0,00|0,00|0,00||0,00|3,00|0,00||||
000201|0430|00000000203700|517150524|150100001|0,00|0,00|0,00|0,00||0,00|3,00|0,00||||
000202|0430|00000000203700|517150526|150100001|0,00|0,00|0,00|0,00||0,00|3,00|0,00||||
000203|0430|00000000203700|517150528|150100001|0,00|0,00|0,00|0,00||0,00|3,00|0,00||||
000204|0430|00000000203700|517151001|150100001|0,00|0,00|0,00|0,00||0,00|3,00|0,00||||
000205|0430|00000000203700|517151002|150100001|0,00|0,00|0,00|0,00||0,00|3,00|0,00||||
000206|0430|00000000203700|517151005|150100001|0,00|0,00|0,00|0,00||0,00|3,00|0,00||||
000207|0430|00000000203700|517151008|150100001|0,00|0,00|0,00|0,00||0,00|3,00|0,00||||
000208|0430|00000000203700|517151009|150100001|0,00|0,00|0,00|0,00||0,00|3,00|0,00||||
000209|0430|00000000203700|517151010|150100001|0,00|0,00|0,00|0,00||0,00|3,00|0,00||||
000210|0430|00000000203700|517151011|150100001|0,00|0,00|0,00|0,00||0,00|3,00|0,00||||
000211|0430|00000000203700|517151014|150100001|0,00|0,00|0,00|0,00||0,00|3,00|0,00||||
000212|0430|00000000203700|517151021|150100001|0,00|0,00|0,00|0,00||0,00|3,00|0,00||||
000213|0430|00000000203700|517159900|150100001|0,00|0,00|0,00|0,00||0,00|3,00|0,00||||
000214|0430|00000000203700|517400916|151000006|0,00|0,00|0,00|0,00||0,00|3,00|0,00||||
000215|0430|00000000203700|517401400|151000006|2349,47|0,00|2349,47|0,00||2349,47|3,00|0,00||||
000216|0430|00000000203700|517401600|151000006|1407,29|0,00|1407,29|0,00||1407,29|3,00|0,00||||
000217|0430|00000000203700|517401800|151000006|23657,91|0,00|23657,91|0,00||23657,91|3,00|0,00||||
000218|0430|00000000203700|517402200|151000006|8313,48|0,00|8313,48|0,00||8313,48|3,00|0,00||||
000219|0430|00000000203700|517402600|151000006|0,00|0,00|0,00|0,00||0,00|3,00|0,00||||
000220|0430|00000000203700|517409800|151000001|0,00|0,00|0,00|0,00||0,00|3,00|0,00||||
000221|0430|00000000203700|517700200|151200001|0,00|0,00|0,00|0,00||0,00|3,00|0,00||||
000222|0430|00000000203700|517701001|151200001|0,00|0,00|0,00|0,00||0,00|3,00|0,00||||
000223|0430|00000000203700|517701002|151300002|0,00|0,00|0,00|0,00||0,00|3,00|0,00||||
000224|0430|00000000203700|517701004|151200001|0,00|0,00|0,00|0,00||0,00|3,00|0,00||||
000225|0430|00000000203700|517701005|151200001|0,00|0,00|0,00|0,00||0,00|3,00|0,00||||
000226|0430|00000000203700|517701006|151200001|0,00|0,00|0,00|0,00||0,00|3,00|0,00||||
000227|0430|00000000203700|517701007|150100001|0,00|0,00|0,00|0,00||0,00|3,00|0,00||||
000228|0430|00000000203700|517701096|151200001|0,00|0,00|0,00|0,00||0,00|3,00|0,00||||
000229|0430|00000000203700|517701500|151200001|255,48|0,00|255,48|0,00||255,48|3,00|0,00||||
000230|0430|00000000203700|517703001|151200001|0,00|0,00|0,00|0,00||0,00|3,00|0,00||||
000231|0430|00000000203700|517703002|151200001|0,00|0,00|0,00|0,00||0,00|3,00|0,00||||
000232|0430|00000000203700|517703003|151200001|0,00|0,00|0,00|0,00||0,00|3,00|0,00||||
000233|0430|00000000203700|517703004|151200001|0,00|0,00|0,00|0,00||0,00|3,00|0,00||||
000234|0430|00000000203700|517703500|151200001|0,00|0,00|0,00|0,00||0,00|3,00|0,00||||
000235|0430|00000000203700|517703600|151200001|0,00|0,00|0,00|0,00||0,00|3,00|0,00||||
000236|0430|00000000203700|517705800|151200001|0,00|0,00|0,00|0,00||0,00|3,00|0,00||||
000237|0430|00000000203700|517800100|100200003|0,00|0,00|0,00|0,00||0,00|3,00|0,00||||
000238|0430|00000000203700|517800200|100100006|0,00|0,00|0,00|0,00||0,00|3,00|0,00||||
000239|0430|00000000203700|517800300|100100003|0,00|0,00|0,00|0,00||0,00|3,00|0,00||||
000240|0430|00000000203700|517800400|100200006|0,00|0,00|0,00|0,00||0,00|3,00|0,00||||
000241|0430|00000000203700|517800600|100400001|0,00|0,00|0,00|0,00||0,00|3,00|0,00||||
000242|0430|00000000203700|517800700|151000006|0,00|0,00|0,00|0,00||0,00|3,00|0,00||||
000243|0430|00000000203700|517800800|100500003|0,00|0,00|0,00|0,00||0,00|3,00|0,00||||
000244|0430|00000000203700|517801000|100500001|0,00|0,00|0,00|0,00||0,00|3,00|0,00||||
000245|0430|00000000203700|517801100|150400003|0,00|0,00|0,00|0,00||0,00|3,00|0,00||||
000246|0430|00000000203700|517801301|100100012|130,69|0,00|130,69|0,00||130,69|3,00|0,00||||
000247|0430|00000000203700|517801302|100100012|114,24|0,00|114,24|0,00||114,24|3,00|0,00||||
000248|0430|00000000203700|517801303|100100012|10,95|0,00|10,95|0,00||10,95|3,00|0,00||||
000249|0430|00000000203700|517801304|100100012|18,00|0,00|18,00|0,00||18,00|3,00|0,00||||
000250|0430|00000000203700|517801401|100100012|0,00|0,00|0,00|0,00||0,00|3,00|0,00||||
000251|0430|00000000203700|517809001|100200005|0,00|0,00|0,00|0,00||0,00|3,00|0,00||||
000252|0430|00000000203700|517809900|100200009|0,00|0,00|0,00|0,00||0,00|3,00|0,00||||
000253|0430|00000000203700|517940101|150700010|0,00|0,00|0,00|0,00||0,00|3,00|0,00||||
000254|0430|00000000203700|517950100|150500001|0,00|0,00|0,00|0,00||0,00|3,00|0,00||||
000255|0430|00000000203700|517950200|150500001|0,00|0,00|0,00|0,00||0,00|3,00|0,00||||
000256|0430|00000000203700|517950300|151400002|15,40|0,00|15,40|0,00||15,40|3,00|0,00||||
000257|0430|00000000203700|517950400|151400001|0,00|0,00|0,00|0,00||0,00|3,00|0,00||||
000258|0430|00000000203700|517950500|150500003|684,00|0,00|684,00|0,00||684,00|3,00|0,00||||
000259|0430|00000000203700|517950600|151700004|217,00|0,00|217,00|0,00||217,00|3,00|0,00||||
000260|0430|00000000203700|517950700|151700002|325,99|0,00|325,99|0,00||325,99|3,00|0,00||||
000261|0430|00000000203700|517950800|151700001|0,00|0,00|0,00|0,00||0,00|3,00|0,00||||
000262|0430|00000000203700|517950900|151700001|0,00|0,00|0,00|0,00||0,00|3,00|0,00||||
000263|0430|00000000203700|517951000|151700001|0,00|0,00|0,00|0,00||0,00|3,00|0,00||||
000264|0430|00000000203700|517951101|151500004|5,62|0,00|5,62|0,00||5,62|3,00|0,00||||
000265|0430|00000000203700|517951102|151500004|856,19|0,00|856,19|0,00||856,19|3,00|0,00||||
000266|0430|00000000203700|517951103|151500004|12,97|0,00|12,97|0,00||12,97|3,00|0,00||||
000267|0430|00000000203700|517951200|151500003|0,00|0,00|0,00|0,00||0,00|3,00|0,00||||
000268|0430|00000000203700|517951300|150700009|212,74|0,00|212,74|0,00||212,74|3,00|0,00||||
000269|0430|00000000203700|517951400|150600003|0,00|0,00|0,00|0,00||0,00|3,00|0,00||||
000270|0430|00000000203700|517951500|151600006|533,20|0,00|533,20|0,00||533,20|3,00|0,00||||
000271|0430|00000000203700|517951600|151600006|0,00|0,00|0,00|0,00||0,00|3,00|0,00||||
000272|0430|00000000203700|517951700|151600006|47,84|0,00|47,84|0,00||47,84|3,00|0,00||||
000273|0430|00000000203700|517951800|151600001|0,00|0,00|0,00|0,00||0,00|3,00|0,00||||
000274|0430|00000000203700|517951900|150800013|4449,44|253,80|4195,64|0,00||4195,64|3,00|0,00||||
000275|0430|00000000203700|517952001|150700010|3357,90|1658,88|1699,02|0,00||1699,02|3,00|0,00||||
000276|0430|00000000203700|517952002|150700010|49498,34|25640,77|23857,57|0,00||23857,57|3,00|0,00||||
000277|0430|00000000203700|517952003|151400014|16,88|5,61|11,27|0,00||11,27|3,00|0,00||||
000278|0430|00000000203700|517952100|151400004|66,20|0,00|66,20|0,00||66,20|3,00|0,00||||
000279|0430|00000000203700|517952200|151500004|325,00|0,00|325,00|0,00||325,00|3,00|0,00||||
000280|0430|00000000203700|517952300|151400015|21,00|0,00|21,00|0,00||21,00|3,00|0,00||||
000281|0430|00000000203700|517952400|151400004|0,00|0,00|0,00|0,00||0,00|3,00|0,00||||
000282|0430|00000000203700|517952508|151300023|0,00|0,00|0,00|0,00||0,00|3,00|0,00||||
000283|0430|00000000203700|517952537|151300023|0,00|0,00|0,00|0,00||0,00|3,00|0,00||||
000284|0430|00000000203700|517960301|150800011|0,00|0,00|0,00|0,00||0,00|3,00|0,00||||
000285|0430|00000000203700|517960302|280100001|0,00|0,00|0,00|0,00||0,00|3,00|0,00||||
000286|0430|00000000203700|517960401|151300006|0,00|0,00|0,00|0,00||0,00|3,00|0,00||||
000287|0430|00000000203700|517960402|151300015|0,00|0,00|0,00|0,00||0,00|3,00|0,00||||
000288|0430|00000000203700|517960500|151400014|8246,77|564,23|7682,54|0,00||7682,54|3,00|0,00||||
000289|0430|00000000203700|517960601|151400013|0,00|0,00|0,00|0,00||0,00|3,00|0,00||||
000290|0430|00000000203700|517960602|151400015|0,00|0,00|0,00|0,00||0,00|3,00|0,00||||
000291|0430|00000000203700|517960603|151400015|0,00|0,00|0,00|0,00||0,00|3,00|0,00||||
000292|0430|00000000203700|517960604|151400015|0,00|0,00|0,00|0,00||0,00|3,00|0,00||||
000293|0430|00000000203700|517960605|151500004|0,00|0,00|0,00|0,00||0,00|3,00|0,00||||
000294|0430|00000000203700|517960606|151400013|0,00|0,00|0,00|0,00||0,00|3,00|0,00||||
000295|0430|00000000203700|517960607|151400013|0,00|0,00|0,00|0,00||0,00|3,00|0,00||||
000296|0430|00000000203700|517960608|151400013|0,00|0,00|0,00|0,00||0,00|3,00|0,00||||
000297|0430|00000000203700|517960609|151400013|0,00|0,00|0,00|0,00||0,00|3,00|0,00||||
000298|0430|00000000203700|517960610|151400013|0,00|0,00|0,00|0,00||0,00|3,00|0,00||||
000299|0430|00000000203700|517960700|260100004|0,00|0,00|0,00|0,00||0,00|3,00|0,00||||
000300|0430|00000000203700|517961400|151500002|0,00|0,00|0,00|0,00||0,00|3,00|0,00||||
000301|0430|00000000203700|517961700|151300023|0,00|0,00|0,00|0,00||0,00|3,00|0,00||||
000302|0430|00000000203700|517962112|151300001|0,00|0,00|0,00|0,00||0,00|3,00|0,00||||
000303|0430|00000000203700|517962113|151300004|0,00|0,00|0,00|0,00||0,00|3,00|0,00||||
000304|0430|00000000203700|517962114|151300004|0,00|0,00|0,00|0,00||0,00|3,00|0,00||||
000305|0430|00000000203700|517962118|151300015|0,00|0,00|0,00|0,00||0,00|3,00|0,00||||
000306|0430|00000000203700|517962119|151300012|0,00|0,00|0,00|0,00||0,00|3,00|0,00||||
000307|0430|00000000203700|517962120|151300001|0,00|0,00|0,00|0,00||0,00|3,00|0,00||||
000308|0430|00000000203700|517962121|151300023|0,00|0,00|0,00|0,00||0,00|3,00|0,00||||
000309|0430|00000000203700|517962122|151300015|0,00|0,00|0,00|0,00||0,00|3,00|0,00||||
000310|0430|00000000203700|517962123|151300015|0,00|0,00|0,00|0,00||0,00|3,00|0,00||||
000311|0430|00000000203700|517962124|151300015|0,00|0,00|0,00|0,00||0,00|3,00|0,00||||
000312|0430|00000000203700|517962126|151300001|0,00|0,00|0,00|0,00||0,00|3,00|0,00||||
000313|0430|00000000203700|517962127|151300008|0,00|0,00|0,00|0,00||0,00|3,00|0,00||||
000314|0430|00000000203700|517962128|151300006|0,00|0,00|0,00|0,00||0,00|3,00|0,00||||
000315|0430|00000000203700|517962130|151300008|0,00|0,00|0,00|0,00||0,00|3,00|0,00||||
000316|0430|00000000203700|517962131|151300004|0,00|0,00|0,00|0,00||0,00|3,00|0,00||||
000317|0430|00000000203700|517962132|151300009|50,00|0,00|50,00|0,00||50,00|3,00|0,00||||
000318|0430|00000000203700|517962133|151300008|0,00|0,00|0,00|0,00||0,00|3,00|0,00||||
000319|0430|00000000203700|517962134|151300001|0,00|0,00|0,00|0,00||0,00|3,00|0,00||||
000320|0430|00000000203700|517962136|151300009|323,05|0,00|323,05|0,00||323,05|3,00|0,00||||
000321|0430|00000000203700|517962138|151300011|0,00|0,00|0,00|0,00||0,00|3,00|0,00||||
000322|0430|00000000203700|517962139|151300015|0,00|0,00|0,00|0,00||0,00|3,00|0,00||||
000323|0430|00000000203700|517962140|151300015|0,00|0,00|0,00|0,00||0,00|3,00|0,00||||
000324|0430|00000000203700|517962141|151300015|0,00|0,00|0,00|0,00||0,00|3,00|0,00||||
000325|0430|00000000203700|517962142|151300023|0,00|0,00|0,00|0,00||0,00|3,00|0,00||||
000326|0430|00000000203700|517962143|151300023|0,00|0,00|0,00|0,00||0,00|3,00|0,00||||
000327|0430|00000000203700|517962144|151300023|0,00|0,00|0,00|0,00||0,00|3,00|0,00||||
000328|0430|00000000203700|517962145|151300023|0,00|0,00|0,00|0,00||0,00|3,00|0,00||||
000329|0430|00000000203700|517962146|151300008|0,00|0,00|0,00|0,00||0,00|3,00|0,00||||
000330|0430|00000000203700|517962150|151300020|0,00|0,00|0,00|0,00||0,00|3,00|0,00||||
000331|0430|00000000203700|517962152|151300015|0,00|0,00|0,00|0,00||0,00|3,00|0,00||||
000332|0430|00000000203700|517962154|151300015|0,00|0,00|0,00|0,00||0,00|3,00|0,00||||
000333|0430|00000000203700|517962199|151300023|0,00|0,00|0,00|0,00||0,00|3,00|0,00||||
000334|0430|00000000203700|517968600|151300019|0,00|0,00|0,00|0,00||0,00|3,00|0,00||||
000335|0430|00000000203700|517968900|151300007|0,00|0,00|0,00|0,00||0,00|3,00|0,00||||
000336|0430|00000000203700|517969121|151400004|20,00|0,00|20,00|0,00||20,00|3,00|0,00||||
000337|0430|00000000203700|517969122|151500004|0,00|0,00|0,00|0,00||0,00|3,00|0,00||||
000338|0430|00000000203700|517969123|151000008|0,00|0,00|0,00|0,00||0,00|3,00|0,00||||
000339|0430|00000000203700|517969124|150800007|0,00|0,00|0,00|0,00||0,00|3,00|0,00||||
000340|0430|00000000203700|517969126|150600002|0,00|0,00|0,00|0,00||0,00|3,00|0,00||||
000341|0430|00000000203700|517969901|260100004|0,00|0,00|0,00|0,00||0,00|3,00|0,00||||
000342|0430|00000000203700|517969902|151800012|0,00|0,00|0,00|0,00||0,00|3,00|0,00||||
000343|0430|00000000203700|517969903|151200001|0,00|0,00|0,00|0,00||0,00|3,00|0,00||||
000344|0430|00000000203700|517969904|150600003|0,00|0,00|0,00|0,00||0,00|3,00|0,00||||
000345|0430|00000000203700|517969905|150700005|0,00|0,00|0,00|0,00||0,00|3,00|0,00||||
000346|0430|00000000203700|517969906|172000004|2,60|0,00|2,60|0,00||2,60|3,00|0,00||||
000347|0430|00000000203700|517969907|151400015|0,00|0,00|0,00|0,00||0,00|3,00|0,00||||
000348|0430|00000000203700|517969908|150800001|0,00|0,00|0,00|0,00||0,00|3,00|0,00||||
000349|0430|00000000203700|517969909|150800001|0,00|0,00|0,00|0,00||0,00|3,00|0,00||||
000350|0430|00000000203700|517969910|150600001|0,00|0,00|0,00|0,00||0,00|3,00|0,00||||
000351|0430|00000000203700|517969911|150800001|0,00|0,00|0,00|0,00||0,00|3,00|0,00||||
000352|0430|00000000203700|517969913|150800001|0,00|0,00|0,00|0,00||0,00|3,00|0,00||||
000353|0430|00000000203700|517969914|150800001|0,00|0,00|0,00|0,00||0,00|3,00|0,00||||
000354|0430|00000000203700|517969915|150900001|0,00|0,00|0,00|0,00||0,00|3,00|0,00||||
000355|0430|00000000203700|517969916|151800012|0,00|0,00|0,00|0,00||0,00|3,00|0,00||||
000356|0430|00000000203700|517969917|151800012|0,00|0,00|0,00|0,00||0,00|3,00|0,00||||
000357|0430|00000000203700|517969918|151000001|0,00|0,00|0,00|0,00||0,00|3,00|0,00||||
000358|0430|00000000203700|517969919|150200009|0,00|0,00|0,00|0,00||0,00|3,00|0,00||||
000359|0430|00000000203700|517969920|150500001|11,40|0,00|11,40|0,00||11,40|3,00|0,00||||
000360|0430|00000000203700|517969921|150300001|0,00|0,00|0,00|0,00||0,00|3,00|0,00||||
000361|0430|00000000203700|517969922|150200009|0,00|0,00|0,00|0,00||0,00|3,00|0,00||||
000362|0430|00000000203700|517969923|150700005|361,32|0,00|361,32|0,00||361,32|3,00|0,00||||
000363|0430|00000000203700|517969924|150700005|19,44|0,00|19,44|0,00||19,44|3,00|0,00||||
000364|0430|00000000203700|517970500|150800013|0,00|0,00|0,00|0,00||0,00|3,00|0,00||||
000365|0430|00000000203700|517970601|151800012|0,00|0,00|0,00|0,00||0,00|3,00|0,00||||
000366|0430|00000000203700|517970602|151800012|2375,00|0,00|2375,00|0,00||2375,00|3,00|0,00||||
000367|0430|00000000203700|517970604|151800012|0,00|0,00|0,00|0,00||0,00|3,00|0,00||||
000368|0430|00000000203700|517970605|151800012|0,00|0,00|0,00|0,00||0,00|3,00|0,00||||
000369|0430|00000000203700|517970611|151800012|0,00|0,00|0,00|0,00||0,00|3,00|0,00||||
000370|0430|00000000203700|517970612|151800012|0,00|0,00|0,00|0,00||0,00|3,00|0,00||||
000371|0430|00000000203700|517970615|151800012|0,00|0,00|0,00|0,00||0,00|3,00|0,00||||
000372|0430|00000000203700|517970620|150800013|0,00|0,00|0,00|0,00||0,00|3,00|0,00||||
000373|0430|00000000203700|517970701|150800013|130,60|0,00|130,60|0,00||130,60|3,00|0,00||||
000374|0430|00000000203700|517980101|150800013|1494,19|0,00|1494,19|0,00||1494,19|3,00|0,00||||
000375|0430|00000000203700|517980102|150800013|0,00|0,00|0,00|0,00||0,00|3,00|0,00||||
000376|0430|00000000203700|517980201|151400001|0,00|0,00|0,00|0,00||0,00|3,00|0,00||||
000377|0430|00000000203700|517980202|151700002|92,00|0,00|92,00|0,00||92,00|3,00|0,00||||
000378|0430|00000000203700|517980203|151500004|7,33|0,00|7,33|0,00||7,33|3,00|0,00||||
000379|0430|00000000203700|517980204|151500003|46,50|0,00|46,50|0,00||46,50|3,00|0,00||||
000380|0430|00000000203700|517980205|150700009|26,70|0,00|26,70|0,00||26,70|3,00|0,00||||
000381|0430|00000000203700|517980206|150500003|316,50|0,00|316,50|0,00||316,50|3,00|0,00||||
000382|0430|00000000203700|517980207|150500001|0,00|0,00|0,00|0,00||0,00|3,00|0,00||||
000383|0430|00000000203700|517980208|150200009|0,00|0,00|0,00|0,00||0,00|3,00|0,00||||
000384|0430|00000000203700|517980301|151600006|1675,05|0,00|1675,05|0,00||1675,05|3,00|0,00||||
000385|0430|00000000203700|517980302|151600006|0,00|0,00|0,00|0,00||0,00|3,00|0,00||||
000386|0430|00000000203700|517980303|151600001|0,00|0,00|0,00|0,00||0,00|3,00|0,00||||
000387|0430|00000000203700|517980304|151600006|0,00|0,00|0,00|0,00||0,00|3,00|0,00||||
000388|0430|00000000203700|517980305|151600006|0,00|0,00|0,00|0,00||0,00|3,00|0,00||||
000389|0430|00000000203700|517980306|151600006|0,00|0,00|0,00|0,00||0,00|3,00|0,00||||
000390|0430|00000000203700|517980307|151600006|0,00|0,00|0,00|0,00||0,00|3,00|0,00||||
000391|0430|00000000203700|517980308|151600006|0,00|0,00|0,00|0,00||0,00|3,00|0,00||||
000392|0430|00000000203700|517980309|151600006|0,00|0,00|0,00|0,00||0,00|3,00|0,00||||
000393|0430|00000000203700|517980401|150800013|2098,32|459,00|1639,32|0,00||1639,32|3,00|0,00||||
000394|0430|00000000203700|517980402|150800013|0,00|0,00|0,00|0,00||0,00|3,00|0,00||||
000395|0430|00000000203700|517980403|151800012|0,00|0,00|0,00|0,00||0,00|3,00|0,00||||
000396|0430|00000000203700|517989901|150700010|26936,86|13624,73|13312,13|0,00||13312,13|3,00|0,00||||
000397|0430|00000000203700|517989902|151800012|0,00|0,00|0,00|0,00||0,00|3,00|0,00||||
000398|0430|00000000203700|517989903|151200001|0,00|0,00|0,00|0,00||0,00|3,00|0,00||||
000399|0430|00000000203700|517989906|172000004|0,00|0,00|0,00|0,00||0,00|3,00|0,00||||
000400|0430|00000000203700|517989908|150800013|0,00|0,00|0,00|0,00||0,00|3,00|0,00||||
000401|0430|00000000203700|517990134|100100004|0,00|0,00|0,00|0,00||0,00|3,00|0,00||||
000402|0430|00000000203700|517990200|100500009|0,00|0,00|0,00|0,00||0,00|3,00|0,00||||
000403|0430|00000000203700|517990300|150100001|0,00|0,00|0,00|0,00||0,00|3,00|0,00||||
000404|0430|00000000203700|517990401|151300019|0,00|0,00|0,00|0,00||0,00|3,00|0,00||||
000405|0430|00000000203700|517990402|151300019|0,00|0,00|0,00|0,00||0,00|3,00|0,00||||
000406|0430|00000000203700|517990403|151300019|0,00|0,00|0,00|0,00||0,00|3,00|0,00||||
000407|0430|00000000203700|517990501|100500003|0,00|0,00|0,00|0,00||0,00|3,00|0,00||||
000408|0430|00000000203700|517990502|170100003|0,00|0,00|0,00|0,00||0,00|3,00|0,00||||
000409|0430|00000000203700|517990503|171300001|0,00|0,00|0,00|0,00||0,00|3,00|0,00||||
000410|0430|00000000203700|517990504|100500006|0,00|0,00|0,00|0,00||0,00|3,00|0,00||||
000411|0430|00000000203700|517990505|150700003|0,00|0,00|0,00|0,00||0,00|3,00|0,00||||
000412|0430|00000000203700|517990506|170100003|0,00|0,00|0,00|0,00||0,00|3,00|0,00||||
000413|0430|00000000203700|517990507|171300001|0,00|0,00|0,00|0,00||0,00|3,00|0,00||||
000414|0430|00000000203700|517990508|150700003|0,00|0,00|0,00|0,00||0,00|3,00|0,00||||
000415|0430|00000000203700|517990509|150700003|0,00|0,00|0,00|0,00||0,00|3,00|0,00||||
000416|0430|00000000203700|517990601|151800012|0,00|0,00|0,00|0,00||0,00|3,00|0,00||||
000417|0430|00000000203700|517990602|151800012|0,00|0,00|0,00|0,00||0,00|3,00|0,00||||
000418|0430|00000000203700|517990603|151800012|0,00|0,00|0,00|0,00||0,00|3,00|0,00||||
000419|0430|00000000203700|517990604|151800012|0,00|0,00|0,00|0,00||0,00|3,00|0,00||||
000420|0430|00000000203700|517990605|151800012|0,00|0,00|0,00|0,00||0,00|3,00|0,00||||
000421|0430|00000000203700|517990610|100100004|0,00|0,00|0,00|0,00||0,00|3,00|0,00||||
000422|0430|00000000203700|517990611|151800012|0,00|0,00|0,00|0,00||0,00|3,00|0,00||||
000423|0430|00000000203700|517990612|151800012|0,00|0,00|0,00|0,00||0,00|3,00|0,00||||
000424|0430|00000000203700|517990613|151800012|0,00|0,00|0,00|0,00||0,00|3,00|0,00||||
000425|0430|00000000203700|517990614|151800012|0,00|0,00|0,00|0,00||0,00|3,00|0,00||||
000426|0430|00000000203700|517990616|150800001|0,00|0,00|0,00|0,00||0,00|3,00|0,00||||
000427|0430|00000000203700|517990617|151800005|0,00|0,00|0,00|0,00||0,00|3,00|0,00||||
000428|0430|00000000203700|517990700|170100003|0,00|0,00|0,00|0,00||0,00|3,00|0,00||||
000429|0430|00000000203700|517990901|151600001|0,00|0,00|0,00|0,00||0,00|3,00|0,00||||
000430|0430|00000000203700|517990902|100900001|0,00|0,00|0,00|0,00||0,00|3,00|0,00||||
000431|0430|00000000203700|517991001|151500001|0,00|0,00|0,00|0,00||0,00|3,00|0,00||||
000432|0430|00000000203700|517991003|151500004|0,00|0,00|0,00|0,00||0,00|3,00|0,00||||
000433|0430|00000000203700|517991005|151500004|0,00|0,00|0,00|0,00||0,00|3,00|0,00||||
000434|0430|00000000203700|517991100|150700006|0,00|0,00|0,00|0,00||0,00|3,00|0,00||||
000435|0430|00000000203700|517991201|150200012|0,00|0,00|0,00|0,00||0,00|3,00|0,00||||
000436|0430|00000000203700|517991202|151000006|0,00|0,00|0,00|0,00||0,00|3,00|0,00||||
000437|0430|00000000203700|517991203|150700005|0,00|0,00|0,00|0,00||0,00|3,00|0,00||||
000438|0430|00000000203700|517991204|150700009|0,00|0,00|0,00|0,00||0,00|3,00|0,00||||
000439|0430|00000000203700|517991300|151300019|114,81|0,00|114,81|0,00||114,81|3,00|0,00||||
000440|0430|00000000203700|517991501|150100001|0,00|0,00|0,00|0,00||0,00|3,00|0,00||||
000441|0430|00000000203700|517991504|150100001|0,00|0,00|0,00|0,00||0,00|3,00|0,00||||
000442|0430|00000000203700|517991560|150100001|0,00|0,00|0,00|0,00||0,00|3,00|0,00||||
000443|0430|00000000203700|517991561|150100001|0,00|0,00|0,00|0,00||0,00|3,00|0,00||||
000444|0430|00000000203700|517991562|150100001|0,00|0,00|0,00|0,00||0,00|3,00|0,00||||
000445|0430|00000000203700|517991563|150100001|0,00|0,00|0,00|0,00||0,00|3,00|0,00||||
000446|0430|00000000203700|517991564|150100001|0,00|0,00|0,00|0,00||0,00|3,00|0,00||||
000447|0430|00000000203700|517991567|150100001|0,00|0,00|0,00|0,00||0,00|3,00|0,00||||
000448|0430|00000000203700|517991580|150100004|0,00|0,00|0,00|0,00||0,00|3,00|0,00||||
000449|0430|00000000203700|517991590|150700005|0,00|0,00|0,00|0,00||0,00|3,00|0,00||||
000450|0430|00000000203700|517991600|150100001|0,00|0,00|0,00|0,00||0,00|3,00|0,00||||
000451|0430|00000000203700|517991700|170100001|0,00|0,00|0,00|0,00||0,00|3,00|0,00||||
000452|0430|00000000203700|517991801|170100003|0,00|0,00|0,00|0,00||0,00|3,00|0,00||||
000453|0430|00000000203700|517991802|170100002|0,00|0,00|0,00|0,00||0,00|3,00|0,00||||
000454|0430|00000000203700|517991899|170100003|0,00|0,00|0,00|0,00||0,00|3,00|0,00||||
000455|0430|00000000203700|517991901|150700001|0,00|0,00|0,00|0,00||0,00|3,00|0,00||||
000456|0430|00000000203700|517991902|150700002|0,00|0,00|0,00|0,00||0,00|3,00|0,00||||
000457|0430|00000000203700|517992001|151000016|0,00|0,00|0,00|0,00||0,00|3,00|0,00||||
000458|0430|00000000203700|517992002|150100001|0,00|0,00|0,00|0,00||0,00|3,00|0,00||||
000459|0430|00000000203700|517992102|151300010|0,00|0,00|0,00|0,00||0,00|3,00|0,00||||
000460|0430|00000000203700|517992106|151300008|0,00|0,00|0,00|0,00||0,00|3,00|0,00||||
000461|0430|00000000203700|517992108|151300019|0,00|0,00|0,00|0,00||0,00|3,00|0,00||||
000462|0430|00000000203700|517992111|151300001|0,00|0,00|0,00|0,00||0,00|3,00|0,00||||
000463|0430|00000000203700|517992112|151300001|0,00|0,00|0,00|0,00||0,00|3,00|0,00||||
000464|0430|00000000203700|517992113|151300002|0,00|0,00|0,00|0,00||0,00|3,00|0,00||||
000465|0430|00000000203700|517992114|151300002|0,00|0,00|0,00|0,00||0,00|3,00|0,00||||
000466|0430|00000000203700|517992115|151300019|0,00|0,00|0,00|0,00||0,00|3,00|0,00||||
000467|0430|00000000203700|517992116|151300002|0,00|0,00|0,00|0,00||0,00|3,00|0,00||||
000468|0430|00000000203700|517992117|151300012|0,00|0,00|0,00|0,00||0,00|3,00|0,00||||
000469|0430|00000000203700|517992118|151300015|0,00|0,00|0,00|0,00||0,00|3,00|0,00||||
000470|0430|00000000203700|517992119|151300015|0,00|0,00|0,00|0,00||0,00|3,00|0,00||||
000471|0430|00000000203700|517992120|151300001|1925,00|0,00|1925,00|0,00||1925,00|3,00|0,00||||
000472|0430|00000000203700|517992121|151300015|0,00|0,00|0,00|0,00||0,00|3,00|0,00||||
000473|0430|00000000203700|517992122|151300023|0,00|0,00|0,00|0,00||0,00|3,00|0,00||||
000474|0430|00000000203700|517992123|151300015|0,00|0,00|0,00|0,00||0,00|3,00|0,00||||
000475|0430|00000000203700|517992124|151300023|0,00|0,00|0,00|0,00||0,00|3,00|0,00||||
000476|0430|00000000203700|517992125|151300015|300,00|0,00|300,00|0,00||300,00|3,00|0,00||||
000477|0430|00000000203700|517992126|151300001|550,00|0,00|550,00|0,00||550,00|3,00|0,00||||
000478|0430|00000000203700|517992127|151300008|0,00|0,00|0,00|0,00||0,00|3,00|0,00||||
000479|0430|00000000203700|517992128|151300019|0,00|0,00|0,00|0,00||0,00|3,00|0,00||||
000480|0430|00000000203700|517992129|151300023|0,00|0,00|0,00|0,00||0,00|3,00|0,00||||
000481|0430|00000000203700|517992130|151300023|0,00|0,00|0,00|0,00||0,00|3,00|0,00||||
000482|0430|00000000203700|517992131|151300011|0,00|0,00|0,00|0,00||0,00|3,00|0,00||||
000483|0430|00000000203700|517992132|151300007|0,00|0,00|0,00|0,00||0,00|3,00|0,00||||
000484|0430|00000000203700|517992133|151300009|0,00|0,00|0,00|0,00||0,00|3,00|0,00||||
000485|0430|00000000203700|517992136|151300007|90,00|0,00|90,00|0,00||90,00|3,00|0,00||||
000486|0430|00000000203700|517992137|151300019|0,00|0,00|0,00|0,00||0,00|3,00|0,00||||
000487|0430|00000000203700|517992138|151300011|0,00|0,00|0,00|0,00||0,00|3,00|0,00||||
000488|0430|00000000203700|517992139|151300023|0,00|0,00|0,00|0,00||0,00|3,00|0,00||||
000489|0430|00000000203700|517992140|151300011|0,00|0,00|0,00|0,00||0,00|3,00|0,00||||
000490|0430|00000000203700|517992141|151300023|0,00|0,00|0,00|0,00||0,00|3,00|0,00||||
000491|0430|00000000203700|517992142|151300023|0,00|0,00|0,00|0,00||0,00|3,00|0,00||||
000492|0430|00000000203700|517992143|151300023|0,00|0,00|0,00|0,00||0,00|3,00|0,00||||
000493|0430|00000000203700|517992144|151300009|0,00|0,00|0,00|0,00||0,00|3,00|0,00||||
000494|0430|00000000203700|517992145|151300009|0,00|0,00|0,00|0,00||0,00|3,00|0,00||||
000495|0430|00000000203700|517992146|151300008|0,00|0,00|0,00|0,00||0,00|3,00|0,00||||
000496|0430|00000000203700|517992147|170100001|0,00|0,00|0,00|0,00||0,00|3,00|0,00||||
000497|0430|00000000203700|517992148|170100002|0,00|0,00|0,00|0,00||0,00|3,00|0,00||||
000498|0430|00000000203700|517992149|151300023|0,00|0,00|0,00|0,00||0,00|3,00|0,00||||
000499|0430|00000000203700|517992150|151300023|0,00|0,00|0,00|0,00||0,00|3,00|0,00||||
000500|0430|00000000203700|517992152|151300015|0,00|0,00|0,00|0,00||0,00|3,00|0,00||||
000501|0430|00000000203700|517992154|151300015|0,00|0,00|0,00|0,00||0,00|3,00|0,00||||
000502|0430|00000000203700|517992158|151300023|0,00|0,00|0,00|0,00||0,00|3,00|0,00||||
000503|0430|00000000203700|517992160|151300023|0,00|0,00|0,00|0,00||0,00|3,00|0,00||||
000504|0430|00000000203700|517992162|151300023|0,00|0,00|0,00|0,00||0,00|3,00|0,00||||
000505|0430|00000000203700|517992164|151300023|0,00|0,00|0,00|0,00||0,00|3,00|0,00||||
000506|0430|00000000203700|517992199|151300010|0,00|0,00|0,00|0,00||0,00|3,00|0,00||||
000507|0430|00000000203700|517992204|151300019|0,00|0,00|0,00|0,00||0,00|3,00|0,00||||
000508|0430|00000000203700|517992211|151300001|0,00|0,00|0,00|0,00||0,00|3,00|0,00||||
000509|0430|00000000203700|517992213|151300002|0,00|0,00|0,00|0,00||0,00|3,00|0,00||||
000510|0430|00000000203700|517992299|151300009|0,00|0,00|0,00|0,00||0,00|3,00|0,00||||
000511|0430|00000000203700|517992300|100200008|0,00|0,00|0,00|0,00||0,00|3,00|0,00||||
000512|0430|00000000203700|517992401|151000002|0,00|0,00|0,00|0,00||0,00|3,00|0,00||||
000513|0430|00000000203700|517992402|151000018|0,00|0,00|0,00|0,00||0,00|3,00|0,00||||
000514|0430|00000000203700|517992403|151000003|0,00|0,00|0,00|0,00||0,00|3,00|0,00||||
000515|0430|00000000203700|517992404|151000002|0,00|0,00|0,00|0,00||0,00|3,00|0,00||||
000516|0430|00000000203700|517992405|151000002|0,00|0,00|0,00|0,00||0,00|3,00|0,00||||
000517|0430|00000000203700|517992406|151000002|0,00|0,00|0,00|0,00||0,00|3,00|0,00||||
000518|0430|00000000203700|517992407|151000005|0,00|0,00|0,00|0,00||0,00|3,00|0,00||||
000519|0430|00000000203700|517992408|151000005|0,00|0,00|0,00|0,00||0,00|3,00|0,00||||
000520|0430|00000000203700|517992409|151000006|0,00|0,00|0,00|0,00||0,00|3,00|0,00||||
000521|0430|00000000203700|517992412|151000006|0,00|0,00|0,00|0,00||0,00|3,00|0,00||||
000522|0430|00000000203700|517992413|151000006|0,00|0,00|0,00|0,00||0,00|3,00|0,00||||
000523|0430|00000000203700|517992414|151000006|0,00|0,00|0,00|0,00||0,00|3,00|0,00||||
000524|0430|00000000203700|517992415|151000006|0,00|0,00|0,00|0,00||0,00|3,00|0,00||||
000525|0430|00000000203700|517992498|151000007|198,20|0,00|198,20|0,00||198,20|3,00|0,00||||
000526|0430|00000000203700|517992501|100200006|0,00|0,00|0,00|0,00||0,00|3,00|0,00||||
000527|0430|00000000203700|517992502|100200006|0,00|0,00|0,00|0,00||0,00|3,00|0,00||||
000528|0430|00000000203700|517992503|100200006|0,00|0,00|0,00|0,00||0,00|3,00|0,00||||
000529|0430|00000000203700|517992504|100200006|0,00|0,00|0,00|0,00||0,00|3,00|0,00||||
000530|0430|00000000203700|517992505|100200006|0,00|0,00|0,00|0,00||0,00|3,00|0,00||||
000531|0430|00000000203700|517992506|100200006|0,00|0,00|0,00|0,00||0,00|3,00|0,00||||
000532|0430|00000000203700|517992507|100200006|0,00|0,00|0,00|0,00||0,00|3,00|0,00||||
000533|0430|00000000203700|517992515|100200006|0,00|0,00|0,00|0,00||0,00|3,00|0,00||||
000534|0430|00000000203700|517992520|100200006|0,00|0,00|0,00|0,00||0,00|3,00|0,00||||
000535|0430|00000000203700|517992521|100200006|0,00|0,00|0,00|0,00||0,00|3,00|0,00||||
000536|0430|00000000203700|517992525|100200006|0,00|0,00|0,00|0,00||0,00|3,00|0,00||||
000537|0430|00000000203700|517992530|100200006|0,00|0,00|0,00|0,00||0,00|3,00|0,00||||
000538|0430|00000000203700|517992531|100200006|0,00|0,00|0,00|0,00||0,00|3,00|0,00||||
000539|0430|00000000203700|517992532|100200006|0,00|0,00|0,00|0,00||0,00|3,00|0,00||||
000540|0430|00000000203700|517992535|100200006|0,00|0,00|0,00|0,00||0,00|3,00|0,00||||
000541|0430|00000000203700|517992540|100200006|0,00|0,00|0,00|0,00||0,00|3,00|0,00||||
000542|0430|00000000203700|517992541|100200006|0,00|0,00|0,00|0,00||0,00|3,00|0,00||||
000543|0430|00000000203700|517992545|100200006|0,00|0,00|0,00|0,00||0,00|3,00|0,00||||
000544|0430|00000000203700|517992546|100200006|0,00|0,00|0,00|0,00||0,00|3,00|0,00||||
000545|0430|00000000203700|517992550|100200006|0,00|0,00|0,00|0,00||0,00|3,00|0,00||||
000546|0430|00000000203700|517992551|100200006|0,00|0,00|0,00|0,00||0,00|3,00|0,00||||
000547|0430|00000000203700|517992552|100200006|0,00|0,00|0,00|0,00||0,00|3,00|0,00||||
000548|0430|00000000203700|517992553|100200006|0,00|0,00|0,00|0,00||0,00|3,00|0,00||||
000549|0430|00000000203700|517992554|100200006|0,00|0,00|0,00|0,00||0,00|3,00|0,00||||
000550|0430|00000000203700|517992555|100200006|0,00|0,00|0,00|0,00||0,00|3,00|0,00||||
000551|0430|00000000203700|517992556|100200006|0,00|0,00|0,00|0,00||0,00|3,00|0,00||||
000552|0430|00000000203700|517992557|100200006|0,00|0,00|0,00|0,00||0,00|3,00|0,00||||
000553|0430|00000000203700|517992558|100200006|0,00|0,00|0,00|0,00||0,00|3,00|0,00||||
000554|0430|00000000203700|517992559|100200006|0,00|0,00|0,00|0,00||0,00|3,00|0,00||||
000555|0430|00000000203700|517992560|100200006|0,00|0,00|0,00|0,00||0,00|3,00|0,00||||
000556|0430|00000000203700|517992590|100200006|0,00|0,00|0,00|0,00||0,00|3,00|0,00||||
000557|0430|00000000203700|517992601|150800001|0,00|0,00|0,00|0,00||0,00|3,00|0,00||||
000558|0430|00000000203700|517992602|150800003|0,00|0,00|0,00|0,00||0,00|3,00|0,00||||
000559|0430|00000000203700|517992603|150800005|0,00|0,00|0,00|0,00||0,00|3,00|0,00||||
000560|0430|00000000203700|517992604|150800005|0,00|0,00|0,00|0,00||0,00|3,00|0,00||||
000561|0430|00000000203700|517992605|150800008|0,00|0,00|0,00|0,00||0,00|3,00|0,00||||
000562|0430|00000000203700|517992700|100500003|0,00|0,00|0,00|0,00||0,00|3,00|0,00||||
000563|0430|00000000203700|517992800|100200005|0,00|0,00|0,00|0,00||0,00|3,00|0,00||||
000564|0430|00000000203700|517992900|100200003|0,00|0,00|0,00|0,00||0,00|3,00|0,00||||
000565|0430|00000000203700|517993001|100100010|0,00|0,00|0,00|0,00||0,00|3,00|0,00||||
000566|0430|00000000203700|517993002|100100012|57,64|0,00|57,64|0,00||57,64|3,00|0,00||||
000567|0430|00000000203700|517993003|100100010|0,00|0,00|0,00|0,00||0,00|3,00|0,00||||
000568|0430|00000000203700|517993004|100100012|7,62|0,00|7,62|0,00||7,62|3,00|0,00||||
000569|0430|00000000203700|517993005|100100010|0,00|0,00|0,00|0,00||0,00|3,00|0,00||||
000570|0430|00000000203700|517993006|100100012|0,00|0,00|0,00|0,00||0,00|3,00|0,00||||
000571|0430|00000000203700|517993007|100100010|0,00|0,00|0,00|0,00||0,00|3,00|0,00||||
000572|0430|00000000203700|517993008|100100012|0,00|0,00|0,00|0,00||0,00|3,00|0,00||||
000573|0430|00000000203700|517993009|100100010|0,00|0,00|0,00|0,00||0,00|3,00|0,00||||
000574|0430|00000000203700|517993010|100100012|0,00|0,00|0,00|0,00||0,00|3,00|0,00||||
000575|0430|00000000203700|517993011|100100010|0,00|0,00|0,00|0,00||0,00|3,00|0,00||||
000576|0430|00000000203700|517993012|100100012|0,00|0,00|0,00|0,00||0,00|3,00|0,00||||
000577|0430|00000000203700|517993013|100100010|0,00|0,00|0,00|0,00||0,00|3,00|0,00||||
000578|0430|00000000203700|517993014|100100012|0,00|0,00|0,00|0,00||0,00|3,00|0,00||||
000579|0430|00000000203700|517993015|100100010|0,00|0,00|0,00|0,00||0,00|3,00|0,00||||
000580|0430|00000000203700|517993016|100100004|0,00|0,00|0,00|0,00||0,00|3,00|0,00||||
000581|0430|00000000203700|517993017|100100004|0,00|0,00|0,00|0,00||0,00|3,00|0,00||||
000582|0430|00000000203700|517993018|100100010|7,43|0,00|7,43|0,00||7,43|3,00|0,00||||
000583|0430|00000000203700|517993019|100100010|0,00|0,00|0,00|0,00||0,00|3,00|0,00||||
000584|0430|00000000203700|517993020|100100010|1,90|0,00|1,90|0,00||1,90|3,00|0,00||||
000585|0430|00000000203700|517993021|100100010|0,00|0,00|0,00|0,00||0,00|3,00|0,00||||
000586|0430|00000000203700|517993022|100100012|0,00|0,00|0,00|0,00||0,00|3,00|0,00||||
000587|0430|00000000203700|517993023|100100012|0,00|0,00|0,00|0,00||0,00|3,00|0,00||||
000588|0430|00000000203700|517993024|100100012|0,33|0,00|0,33|0,00||0,33|3,00|0,00||||
000589|0430|00000000203700|517993025|100100012|0,00|0,00|0,00|0,00||0,00|3,00|0,00||||
000590|0430|00000000203700|517993026|100100012|0,00|0,00|0,00|0,00||0,00|3,00|0,00||||
000591|0430|00000000203700|517993027|100100012|0,00|0,00|0,00|0,00||0,00|3,00|0,00||||
000592|0430|00000000203700|517993028|100100012|0,00|0,00|0,00|0,00||0,00|3,00|0,00||||
000593|0430|00000000203700|517993029|100100012|0,00|0,00|0,00|0,00||0,00|3,00|0,00||||
000594|0430|00000000203700|517993030|100100012|0,00|0,00|0,00|0,00||0,00|3,00|0,00||||
000595|0430|00000000203700|517993031|100100012|0,00|0,00|0,00|0,00||0,00|3,00|0,00||||
000596|0430|00000000203700|517993032|100100012|0,00|0,00|0,00|0,00||0,00|3,00|0,00||||
000597|0430|00000000203700|517993033|100100010|0,00|0,00|0,00|0,00||0,00|3,00|0,00||||
000598|0430|00000000203700|517993034|100100010|27,34|0,00|27,34|0,00||27,34|3,00|0,00||||
000599|0430|00000000203700|517993035|100100010|1,12|0,00|1,12|0,00||1,12|3,00|0,00||||
000600|0430|00000000203700|517993036|100100010|8,04|0,00|8,04|0,00||8,04|3,00|0,00||||
000601|0430|00000000203700|517993037|100100010|0,00|0,00|0,00|0,00||0,00|3,00|0,00||||
000602|0430|00000000203700|517993038|100100010|1,74|0,00|1,74|0,00||1,74|3,00|0,00||||
000603|0430|00000000203700|517993039|100100010|0,00|0,00|0,00|0,00||0,00|3,00|0,00||||
000604|0430|00000000203700|517993040|100100010|9,32|0,00|9,32|0,00||9,32|3,00|0,00||||
000605|0430|00000000203700|517993041|100100010|0,00|0,00|0,00|0,00||0,00|3,00|0,00||||
000606|0430|00000000203700|517993042|100100010|36,74|0,00|36,74|0,00||36,74|3,00|0,00||||
000607|0430|00000000203700|517993043|100100010|8,35|0,00|8,35|0,00||8,35|3,00|0,00||||
000608|0430|00000000203700|517993044|100100010|39,88|0,00|39,88|0,00||39,88|3,00|0,00||||
000609|0430|00000000203700|517993045|100100010|0,00|0,00|0,00|0,00||0,00|3,00|0,00||||
000610|0430|00000000203700|517993046|100100010|5,35|0,00|5,35|0,00||5,35|3,00|0,00||||
000611|0430|00000000203700|517993047|100100010|0,00|0,00|0,00|0,00||0,00|3,00|0,00||||
000612|0430|00000000203700|517993048|100100010|6,06|0,00|6,06|0,00||6,06|3,00|0,00||||
000613|0430|00000000203700|517993049|100100010|0,00|0,00|0,00|0,00||0,00|3,00|0,00||||
000614|0430|00000000203700|517993050|100100010|20,87|0,00|20,87|0,00||20,87|3,00|0,00||||
000615|0430|00000000203700|517993051|100100010|0,00|0,00|0,00|0,00||0,00|3,00|0,00||||
000616|0430|00000000203700|517993052|100100010|3,59|0,00|3,59|0,00||3,59|3,00|0,00||||
000617|0430|00000000203700|517993053|100100010|0,00|0,00|0,00|0,00||0,00|3,00|0,00||||
000618|0430|00000000203700|517993054|100100010|9,24|0,00|9,24|0,00||9,24|3,00|0,00||||
000619|0430|00000000203700|517993055|100100010|0,00|0,00|0,00|0,00||0,00|3,00|0,00||||
000620|0430|00000000203700|517993056|100100010|0,00|0,00|0,00|0,00||0,00|3,00|0,00||||
000621|0430|00000000203700|517993070|100100011|0,00|0,00|0,00|0,00||0,00|3,00|0,00||||
000622|0430|00000000203700|517993080|100100011|0,00|0,00|0,00|0,00||0,00|3,00|0,00||||
000623|0430|00000000203700|517993101|150100001|0,00|0,00|0,00|0,00||0,00|3,00|0,00||||
000624|0430|00000000203700|517993103|150100001|0,00|0,00|0,00|0,00||0,00|3,00|0,00||||
000625|0430|00000000203700|517993200|100200005|0,00|0,00|0,00|0,00||0,00|3,00|0,00||||
000626|0430|00000000203700|517993300|170900004|0,00|0,00|0,00|0,00||0,00|3,00|0,00||||
000627|0430|00000000203700|517993401|150200009|0,00|0,00|0,00|0,00||0,00|3,00|0,00||||
000628|0430|00000000203700|517993500|150800008|0,00|0,00|0,00|0,00||0,00|3,00|0,00||||
000629|0430|00000000203700|517993600|170900004|0,00|0,00|0,00|0,00||0,00|3,00|0,00||||
000630|0430|00000000203700|517993701|100500003|0,00|0,00|0,00|0,00||0,00|3,00|0,00||||
000631|0430|00000000203700|517993702|100500003|0,00|0,00|0,00|0,00||0,00|3,00|0,00||||
000632|0430|00000000203700|517993703|100500003|0,00|0,00|0,00|0,00||0,00|3,00|0,00||||
000633|0430|00000000203700|517993704|100900001|0,00|0,00|0,00|0,00||0,00|3,00|0,00||||
000634|0430|00000000203700|517993800|150100001|0,00|0,00|0,00|0,00||0,00|3,00|0,00||||
000635|0430|00000000203700|517993900|151200001|0,00|0,00|0,00|0,00||0,00|3,00|0,00||||
000636|0430|00000000203700|517994000|151000006|0,00|0,00|0,00|0,00||0,00|3,00|0,00||||
000637|0430|00000000203700|517994100|150200009|2917,39|0,00|2917,39|0,00||2917,39|3,00|0,00||||
000638|0430|00000000203700|517994200|180100002|0,00|0,00|0,00|0,00||0,00|3,00|0,00||||
000639|0430|00000000203700|517994300|151700001|0,00|0,00|0,00|0,00||0,00|3,00|0,00||||
000640|0430|00000000203700|517994404|100200005|0,00|0,00|0,00|0,00||0,00|3,00|0,00||||
000641|0430|00000000203700|517994405|100200005|0,00|0,00|0,00|0,00||0,00|3,00|0,00||||
000642|0430|00000000203700|517994408|100200005|0,00|0,00|0,00|0,00||0,00|3,00|0,00||||
000643|0430|00000000203700|517994424|100200005|0,00|0,00|0,00|0,00||0,00|3,00|0,00||||
000644|0430|00000000203700|517994425|100200005|0,00|0,00|0,00|0,00||0,00|3,00|0,00||||
000645|0430|00000000203700|517994428|100200005|0,00|0,00|0,00|0,00||0,00|3,00|0,00||||
000646|0430|00000000203700|517994429|100200005|0,00|0,00|0,00|0,00||0,00|3,00|0,00||||
000647|0430|00000000203700|517994430|100100005|0,00|0,00|0,00|0,00||0,00|3,00|0,00||||
000648|0430|00000000203700|517994431|100100005|0,00|0,00|0,00|0,00||0,00|3,00|0,00||||
000649|0430|00000000203700|517994501|080200001|0,00|0,00|0,00|0,00||0,00|3,00|0,00||||
000650|0430|00000000203700|517994502|080200001|0,00|0,00|0,00|0,00||0,00|3,00|0,00||||
000651|0430|00000000203700|517994598|080200001|0,00|0,00|0,00|0,00||0,00|3,00|0,00||||
000652|0430|00000000203700|517994665|171200001|0,00|0,00|0,00|0,00||0,00|3,00|0,00||||
000653|0430|00000000203700|517994700|150100001|0,00|0,00|0,00|0,00||0,00|3,00|0,00||||
000654|0430|00000000203700|517994801|150100001|0,00|0,00|0,00|0,00||0,00|3,00|0,00||||
000655|0430|00000000203700|517994802|150100001|0,00|0,00|0,00|0,00||0,00|3,00|0,00||||
000656|0430|00000000203700|517994900|150100001|0,00|0,00|0,00|0,00||0,00|3,00|0,00||||
000657|0430|00000000203700|517995001|151000012|149,69|0,00|149,69|0,00||149,69|3,00|0,00||||
000658|0430|00000000203700|517995002|151000012|0,00|0,00|0,00|0,00||0,00|3,00|0,00||||
000659|0430|00000000203700|517995003|151000012|0,00|0,00|0,00|0,00||0,00|3,00|0,00||||
000660|0430|00000000203700|517995005|151000012|0,00|0,00|0,00|0,00||0,00|3,00|0,00||||
000661|0430|00000000203700|517995007|151000012|0,00|0,00|0,00|0,00||0,00|3,00|0,00||||
000662|0430|00000000203700|517995009|151000012|0,00|0,00|0,00|0,00||0,00|3,00|0,00||||
000663|0430|00000000203700|517995011|151000012|0,00|0,00|0,00|0,00||0,00|3,00|0,00||||
000664|0430|00000000203700|517995013|151000012|0,00|0,00|0,00|0,00||0,00|3,00|0,00||||
000665|0430|00000000203700|517995015|151000012|0,00|0,00|0,00|0,00||0,00|3,00|0,00||||
000666|0430|00000000203700|517995021|151000012|0,00|0,00|0,00|0,00||0,00|3,00|0,00||||
000667|0430|00000000203700|517995023|151600006|0,00|0,00|0,00|0,00||0,00|3,00|0,00||||
000668|0430|00000000203700|517995025|151000012|0,00|0,00|0,00|0,00||0,00|3,00|0,00||||
000669|0430|00000000203700|517995029|151000012|0,00|0,00|0,00|0,00||0,00|3,00|0,00||||
000670|0430|00000000203700|517995031|151000003|0,00|0,00|0,00|0,00||0,00|3,00|0,00||||
000671|0430|00000000203700|517995033|151000012|0,00|0,00|0,00|0,00||0,00|3,00|0,00||||
000672|0430|00000000203700|517995037|151000012|369,00|0,00|369,00|0,00||369,00|3,00|0,00||||
000673|0430|00000000203700|517995084|151000012|0,00|0,00|0,00|0,00||0,00|3,00|0,00||||
000674|0430|00000000203700|517995085|151000012|0,00|0,00|0,00|0,00||0,00|3,00|0,00||||
000675|0430|00000000203700|517995101|151000006|0,00|0,00|0,00|0,00||0,00|3,00|0,00||||
000676|0430|00000000203700|517995102|150800008|0,00|0,00|0,00|0,00||0,00|3,00|0,00||||
000677|0430|00000000203700|517995103|150800013|0,00|0,00|0,00|0,00||0,00|3,00|0,00||||
000678|0430|00000000203700|517995104|150800003|0,00|0,00|0,00|0,00||0,00|3,00|0,00||||
000679|0430|00000000203700|517995105|150800003|0,00|0,00|0,00|0,00||0,00|3,00|0,00||||
000680|0430|00000000203700|517995200|150100001|0,00|0,00|0,00|0,00||0,00|3,00|0,00||||
000681|0430|00000000203700|517995300|150100001|0,00|0,00|0,00|0,00||0,00|3,00|0,00||||
000682|0430|00000000203700|517995400|151000006|0,00|0,00|0,00|0,00||0,00|3,00|0,00||||
000683|0430|00000000203700|517995501|150100001|0,00|0,00|0,00|0,00||0,00|3,00|0,00||||
000684|0430|00000000203700|517995601|100100006|350,26|0,00|350,26|0,00||350,26|3,00|0,00||||
000685|0430|00000000203700|517995602|100100006|28,82|19,66|9,16|0,00||9,16|3,00|0,00||||
000686|0430|00000000203700|517995603|100100006|39,39|0,00|39,39|0,00||39,39|3,00|0,00||||
000687|0430|00000000203700|517995604|100100006|0,00|0,00|0,00|0,00||0,00|3,00|0,00||||
000688|0430|00000000203700|517995605|100100006|7,05|0,00|7,05|0,00||7,05|3,00|0,00||||
000689|0430|00000000203700|517995606|100100006|84,81|0,00|84,81|0,00||84,81|3,00|0,00||||
000690|0430|00000000203700|517995607|100100006|0,00|0,00|0,00|0,00||0,00|3,00|0,00||||
000691|0430|00000000203700|517995608|100100006|0,00|0,00|0,00|0,00||0,00|3,00|0,00||||
000692|0430|00000000203700|517995609|100100006|53,84|0,00|53,84|0,00||53,84|3,00|0,00||||
000693|0430|00000000203700|517995610|100100006|0,00|0,00|0,00|0,00||0,00|3,00|0,00||||
000694|0430|00000000203700|517995611|100100004|0,00|0,00|0,00|0,00||0,00|3,00|0,00||||
000695|0430|00000000203700|517995612|100100004|2,54|0,00|2,54|0,00||2,54|3,00|0,00||||
000696|0430|00000000203700|517995613|100100004|0,00|0,00|0,00|0,00||0,00|3,00|0,00||||
000697|0430|00000000203700|517995614|100100006|61,38|0,00|61,38|0,00||61,38|3,00|0,00||||
000698|0430|00000000203700|517995701|100500003|5801,78|0,00|5801,78|0,00||5801,78|3,00|0,00||||
000699|0430|00000000203700|517995702|100500003|0,00|0,00|0,00|0,00||0,00|3,00|0,00||||
000700|0430|00000000203700|517995705|100500003|0,00|0,00|0,00|0,00||0,00|3,00|0,00||||
000701|0430|00000000203700|517995712|100500003|0,00|0,00|0,00|0,00||0,00|3,00|0,00||||
000702|0430|00000000203700|517995713|100500003|0,00|0,00|0,00|0,00||0,00|3,00|0,00||||
000703|0430|00000000203700|517995714|172000003|0,00|0,00|0,00|0,00||0,00|3,00|0,00||||
000704|0430|00000000203700|517995715|172000003|0,00|0,00|0,00|0,00||0,00|3,00|0,00||||
000705|0430|00000000203700|517995716|172000003|0,00|0,00|0,00|0,00||0,00|3,00|0,00||||
000706|0430|00000000203700|517995717|170100001|0,00|0,00|0,00|0,00||0,00|3,00|0,00||||
000707|0430|00000000203700|517995718|170100003|0,00|0,00|0,00|0,00||0,00|3,00|0,00||||
000708|0430|00000000203700|517995801|171200001|0,00|0,00|0,00|0,00||0,00|3,00|0,00||||
000709|0430|00000000203700|517995802|171200001|0,00|0,00|0,00|0,00||0,00|3,00|0,00||||
000710|0430|00000000203700|517995803|150600002|0,00|0,00|0,00|0,00||0,00|3,00|0,00||||
000711|0430|00000000203700|517995804|100100005|9,59|0,00|9,59|0,00||9,59|3,00|0,00||||
000712|0430|00000000203700|517995805|100200002|0,00|0,00|0,00|0,00||0,00|3,00|0,00||||
000713|0430|00000000203700|517995820|100100005|0,00|0,00|0,00|0,00||0,00|3,00|0,00||||
000714|0430|00000000203700|517995900|150100001|0,00|0,00|0,00|0,00||0,00|3,00|0,00||||
000715|0430|00000000203700|517996101|151300001|0,00|0,00|0,00|0,00||0,00|3,00|0,00||||
000716|0430|00000000203700|517996102|151300021|0,00|0,00|0,00|0,00||0,00|3,00|0,00||||
000717|0430|00000000203700|517996104|151300001|0,00|0,00|0,00|0,00||0,00|3,00|0,00||||
000718|0430|00000000203700|517996105|151300001|0,00|0,00|0,00|0,00||0,00|3,00|0,00||||
000719|0430|00000000203700|517996106|151300001|0,00|0,00|0,00|0,00||0,00|3,00|0,00||||
000720|0430|00000000203700|517996107|151300001|0,00|0,00|0,00|0,00||0,00|3,00|0,00||||
000721|0430|00000000203700|517996108|151300009|0,00|0,00|0,00|0,00||0,00|3,00|0,00||||
000722|0430|00000000203700|517996109|151300009|0,00|0,00|0,00|0,00||0,00|3,00|0,00||||
000723|0430|00000000203700|517996201|100200009|0,00|0,00|0,00|0,00||0,00|3,00|0,00||||
000724|0430|00000000203700|517996300|100200005|1638,29|0,00|1638,29|0,00||1638,29|3,00|0,00||||
000725|0430|00000000203700|517996401|150800001|4143,52|0,00|4143,52|0,00||4143,52|3,00|0,00||||
000726|0430|00000000203700|517996402|150800001|0,00|0,00|0,00|0,00||0,00|3,00|0,00||||
000727|0430|00000000203700|517996403|150800001|0,00|0,00|0,00|0,00||0,00|3,00|0,00||||
000728|0430|00000000203700|517996405|150800013|0,00|0,00|0,00|0,00||0,00|3,00|0,00||||
000729|0430|00000000203700|517996410|150800013|0,00|0,00|0,00|0,00||0,00|3,00|0,00||||
000730|0430|00000000203700|517996426|150800001|1270,00|0,00|1270,00|0,00||1270,00|3,00|0,00||||
000731|0430|00000000203700|517996427|150800001|5078,30|0,00|5078,30|0,00||5078,30|3,00|0,00||||
000732|0430|00000000203700|517996430|150800013|0,00|0,00|0,00|0,00||0,00|3,00|0,00||||
000733|0430|00000000203700|517996473|150800013|0,00|0,00|0,00|0,00||0,00|3,00|0,00||||
000734|0430|00000000203700|517996500|151000005|0,00|0,00|0,00|0,00||0,00|3,00|0,00||||
000735|0430|00000000203700|517996600|170100003|0,00|0,00|0,00|0,00||0,00|3,00|0,00||||
000736|0430|00000000203700|517996701|170100003|0,00|0,00|0,00|0,00||0,00|3,00|0,00||||
000737|0430|00000000203700|517996801|150800013|0,00|0,00|0,00|0,00||0,00|3,00|0,00||||
000738|0430|00000000203700|517996802|150100001|0,00|0,00|0,00|0,00||0,00|3,00|0,00||||
000739|0430|00000000203700|517996803|150100001|0,00|0,00|0,00|0,00||0,00|3,00|0,00||||
000740|0430|00000000203700|517996804|150100001|0,00|0,00|0,00|0,00||0,00|3,00|0,00||||
000741|0430|00000000203700|517996829|150100001|0,00|0,00|0,00|0,00||0,00|3,00|0,00||||
000742|0430|00000000203700|517996830|150100001|0,00|0,00|0,00|0,00||0,00|3,00|0,00||||
000743|0430|00000000203700|517996901|171300001|0,00|0,00|0,00|0,00||0,00|3,00|0,00||||
000744|0430|00000000203700|517996905|171300001|0,00|0,00|0,00|0,00||0,00|3,00|0,00||||
000745|0430|00000000203700|517996906|171300001|0,00|0,00|0,00|0,00||0,00|3,00|0,00||||
000746|0430|00000000203700|517996907|170100001|0,00|0,00|0,00|0,00||0,00|3,00|0,00||||
000747|0430|00000000203700|517997000|151000006|0,00|0,00|0,00|0,00||0,00|3,00|0,00||||
000748|0430|00000000203700|517997115|151600006|0,00|0,00|0,00|0,00||0,00|3,00|0,00||||
000749|0430|00000000203700|517997210|150100001|0,00|0,00|0,00|0,00||0,00|3,00|0,00||||
000750|0430|00000000203700|517997211|150100001|0,00|0,00|0,00|0,00||0,00|3,00|0,00||||
000751|0430|00000000203700|517997212|150100001|0,00|0,00|0,00|0,00||0,00|3,00|0,00||||
000752|0430|00000000203700|517997220|150100001|0,00|0,00|0,00|0,00||0,00|3,00|0,00||||
000753|0430|00000000203700|517997221|150100001|0,00|0,00|0,00|0,00||0,00|3,00|0,00||||
000754|0430|00000000203700|517997222|150100001|0,00|0,00|0,00|0,00||0,00|3,00|0,00||||
000755|0430|00000000203700|517997230|150100001|0,00|0,00|0,00|0,00||0,00|3,00|0,00||||
000756|0430|00000000203700|517997231|150100001|0,00|0,00|0,00|0,00||0,00|3,00|0,00||||
000757|0430|00000000203700|517997232|150100001|0,00|0,00|0,00|0,00||0,00|3,00|0,00||||
000758|0430|00000000203700|517997240|150100001|0,00|0,00|0,00|0,00||0,00|3,00|0,00||||
000759|0430|00000000203700|517997241|150100001|0,00|0,00|0,00|0,00||0,00|3,00|0,00||||
000760|0430|00000000203700|517997301|150100001|0,00|0,00|0,00|0,00||0,00|3,00|0,00||||
000761|0430|00000000203700|517997311|150100001|0,00|0,00|0,00|0,00||0,00|3,00|0,00||||
000762|0430|00000000203700|517997321|150100001|0,00|0,00|0,00|0,00||0,00|3,00|0,00||||
000763|0430|00000000203700|517997323|150100001|0,00|0,00|0,00|0,00||0,00|3,00|0,00||||
000764|0430|00000000203700|517997331|150100001|0,00|0,00|0,00|0,00||0,00|3,00|0,00||||
000765|0430|00000000203700|517997341|150100001|0,00|0,00|0,00|0,00||0,00|3,00|0,00||||
000766|0430|00000000203700|517997351|150100001|0,00|0,00|0,00|0,00||0,00|3,00|0,00||||
000767|0430|00000000203700|517997361|150100001|0,00|0,00|0,00|0,00||0,00|3,00|0,00||||
000768|0430|00000000203700|517997400|150100001|0,00|0,00|0,00|0,00||0,00|3,00|0,00||||
000769|0430|00000000203700|517997401|150100001|0,00|0,00|0,00|0,00||0,00|3,00|0,00||||
000770|0430|00000000203700|517997500|150100001|0,00|0,00|0,00|0,00||0,00|3,00|0,00||||
000771|0430|00000000203700|517997601|100500003|0,00|0,00|0,00|0,00||0,00|3,00|0,00||||
000772|0430|00000000203700|517997602|170100003|0,00|0,00|0,00|0,00||0,00|3,00|0,00||||
000773|0430|00000000203700|517997700|150700003|0,00|0,00|0,00|0,00||0,00|3,00|0,00||||
000774|0430|00000000203700|517997800|171200001|0,00|0,00|0,00|0,00||0,00|3,00|0,00||||
000775|0430|00000000203700|517997900|150700003|0,00|0,00|0,00|0,00||0,00|3,00|0,00||||
000776|0430|00000000203700|517998003|150700005|0,00|0,00|0,00|0,00||0,00|3,00|0,00||||
000777|0430|00000000203700|517998004|151000006|1432,42|858,73|573,69|0,00||573,69|3,00|0,00||||
000778|0430|00000000203700|517998101|100200004|28878,35|0,00|28878,35|0,00||28878,35|3,00|0,00||||
000779|0430|00000000203700|517998102|171900001|5514,64|0,00|5514,64|0,00||5514,64|3,00|0,00||||
000780|0430|00000000203700|517998103|171900001|0,00|0,00|0,00|0,00||0,00|3,00|0,00||||
000781|0430|00000000203700|517998201|171200001|0,00|0,00|0,00|0,00||0,00|3,00|0,00||||
000782|0430|00000000203700|517998202|171200001|0,00|0,00|0,00|0,00||0,00|3,00|0,00||||
000783|0430|00000000203700|517998299|171200001|0,00|0,00|0,00|0,00||0,00|3,00|0,00||||
000784|0430|00000000203700|517998300|100200003|0,00|0,00|0,00|0,00||0,00|3,00|0,00||||
000785|0430|00000000203700|517998401|151000012|0,00|0,00|0,00|0,00||0,00|3,00|0,00||||
000786|0430|00000000203700|517998402|151400002|0,00|0,00|0,00|0,00||0,00|3,00|0,00||||
000787|0430|00000000203700|517998500|100200004|0,00|0,00|0,00|0,00||0,00|3,00|0,00||||
000788|0430|00000000203700|517998600|151600002|0,00|0,00|0,00|0,00||0,00|3,00|0,00||||
000789|0430|00000000203700|517998700|150800013|0,00|0,00|0,00|0,00||0,00|3,00|0,00||||
000790|0430|00000000203700|517998801|151000006|0,00|0,00|0,00|0,00||0,00|3,00|0,00||||
000791|0430|00000000203700|517998802|151000006|0,00|0,00|0,00|0,00||0,00|3,00|0,00||||
000792|0430|00000000203700|517998900|151600002|0,00|0,00|0,00|0,00||0,00|3,00|0,00||||
000793|0430|00000000203700|517999000|150600002|0,00|0,00|0,00|0,00||0,00|3,00|0,00||||
000794|0430|00000000203700|517999101|151400003|421,20|0,00|421,20|0,00||421,20|3,00|0,00||||
000795|0430|00000000203700|517999102|151500004|0,00|0,00|0,00|0,00||0,00|3,00|0,00||||
000796|0430|00000000203700|517999103|151000006|0,00|0,00|0,00|0,00||0,00|3,00|0,00||||
000797|0430|00000000203700|517999105|100100003|56,27|0,00|56,27|0,00||56,27|3,00|0,00||||
000798|0430|00000000203700|517999107|100100009|0,00|0,00|0,00|0,00||0,00|3,00|0,00||||
000799|0430|00000000203700|517999108|151400013|0,00|0,00|0,00|0,00||0,00|3,00|0,00||||
000800|0430|00000000203700|517999109|151400013|0,00|0,00|0,00|0,00||0,00|3,00|0,00||||
000801|0430|00000000203700|517999110|151400013|0,00|0,00|0,00|0,00||0,00|3,00|0,00||||
000802|0430|00000000203700|517999111|150700009|0,00|0,00|0,00|0,00||0,00|3,00|0,00||||
000803|0430|00000000203700|517999112|150700009|0,00|0,00|0,00|0,00||0,00|3,00|0,00||||
000804|0430|00000000203700|517999113|151400005|0,00|0,00|0,00|0,00||0,00|3,00|0,00||||
000805|0430|00000000203700|517999114|150100001|0,00|0,00|0,00|0,00||0,00|3,00|0,00||||
000806|0430|00000000203700|517999115|151500004|25,77|0,00|25,77|0,00||25,77|3,00|0,00||||
000807|0430|00000000203700|517999116|151600006|0,00|0,00|0,00|0,00||0,00|3,00|0,00||||
000808|0430|00000000203700|517999117|150700005|0,00|0,00|0,00|0,00||0,00|3,00|0,00||||
000809|0430|00000000203700|517999118|151500004|12,50|0,00|12,50|0,00||12,50|3,00|0,00||||
000810|0430|00000000203700|517999119|151600006|0,00|0,00|0,00|0,00||0,00|3,00|0,00||||
000811|0430|00000000203700|517999120|151600006|0,00|0,00|0,00|0,00||0,00|3,00|0,00||||
000812|0430|00000000203700|517999121|151500004|0,00|0,00|0,00|0,00||0,00|3,00|0,00||||
000813|0430|00000000203700|517999122|151400009|54,00|0,00|54,00|0,00||54,00|3,00|0,00||||
000814|0430|00000000203700|517999123|151000001|0,00|0,00|0,00|0,00||0,00|3,00|0,00||||
000815|0430|00000000203700|517999124|151400006|0,00|0,00|0,00|0,00||0,00|3,00|0,00||||
000816|0430|00000000203700|517999125|151400003|0,00|0,00|0,00|0,00||0,00|3,00|0,00||||
000817|0430|00000000203700|517999126|151600006|0,00|0,00|0,00|0,00||0,00|3,00|0,00||||
000818|0430|00000000203700|517999127|151400007|0,00|0,00|0,00|0,00||0,00|3,00|0,00||||
000819|0430|00000000203700|517999128|151400013|0,00|0,00|0,00|0,00||0,00|3,00|0,00||||
000820|0430|00000000203700|517999129|151500004|0,00|0,00|0,00|0,00||0,00|3,00|0,00||||
000821|0430|00000000203700|517999130|150700008|0,00|0,00|0,00|0,00||0,00|3,00|0,00||||
000822|0430|00000000203700|517999131|150800008|0,00|0,00|0,00|0,00||0,00|3,00|0,00||||
000823|0430|00000000203700|517999132|151400015|0,00|0,00|0,00|0,00||0,00|3,00|0,00||||
000824|0430|00000000203700|517999133|100100009|0,00|0,00|0,00|0,00||0,00|3,00|0,00||||
000825|0430|00000000203700|517999134|151600006|0,00|0,00|0,00|0,00||0,00|3,00|0,00||||
000826|0430|00000000203700|517999202|171200001|0,00|0,00|0,00|0,00||0,00|3,00|0,00||||
000827|0430|00000000203700|517999401|150700005|0,00|0,00|0,00|0,00||0,00|3,00|0,00||||
000828|0430|00000000203700|517999451|150700005|0,00|0,00|0,00|0,00||0,00|3,00|0,00||||
000829|0430|00000000203700|517999505|150800001|0,00|0,00|0,00|0,00||0,00|3,00|0,00||||
000830|0430|00000000203700|517999611|100500002|0,00|0,00|0,00|0,00||0,00|3,00|0,00||||
000831|0430|00000000203700|517999701|151400009|0,00|0,00|0,00|0,00||0,00|3,00|0,00||||
000832|0430|00000000203700|517999900|151000007|0,00|0,00|0,00|0,00||0,00|3,00|0,00||||
000833|0430|00000000203700|519700200|150800013|0,00|0,00|0,00|0,00||0,00|3,00|0,00||||
000834|0430|00000000203700|519700300|150800013|0,00|0,00|0,00|0,00||0,00|3,00|0,00||||
000835|0430|00000000203700|519701001|150800013|0,00|0,00|0,00|0,00||0,00|3,00|0,00||||
000836|0430|00000000203700|519701003|150800009|0,00|0,00|0,00|0,00||0,00|3,00|0,00||||
000837|0430|00000000203700|519701200|150800013|0,00|0,00|0,00|0,00||0,00|3,00|0,00||||
000838|0430|00000000203700|519709900|150800013|852,08|0,00|852,08|0,00||852,08|3,00|0,00||||
000839|0430|00000000203700|519994700|172000003|0,00|0,00|0,00|0,00||0,00|3,00|0,00||||
000840|0440|203700|100100003|166997,34|0,00|0,00||166997,34|3,00|5009,92|0,00|0,00|0,00||0,00|||0,00|5009,92|||5009,92|
000841|0440|203700|100100003|166997,34|0,00|0,00||1000,00|3,00|5009,92|0,00|0,00|0,00||0,00|||0,00|5009,92|||30,00|
000842|0440|203700|100100003|166997,34|0,00|0,00||2000,00|3,00|5009,92|0,00|0,00|0,00||0,00|||0,00|5009,92|||60,00|
